99 72
72 99
39 28
28 39
81 27
27 81
48 22
22 48
87 82
82 87
89 17
17 89
51 37
37 51
50 12
12 50
73 18
18 73
100 12
12 100
50 31
31 50
47 32
32 47
71 15
15 71
82 10
10 82
40 25
25 40
28 4
4 28
39 6
6 39
67 35
35 67
59 49
49 59
100 25
25 100
32 20
20 32
72 35
35 72
29 23
23 29
53 22
22 53
57 3
3 57
22 21
21 22
91 43
43 91
66 48
48 66
60 5
5 60
36 2
2 36
22 1
1 22
25 21
21 25
88 15
15 88
30 29
29 30
30 10
10 30
91 76
76 91
49 16
16 49
79 50
50 79
63 45
45 63
98 82
82 98
98 50
50 98
56 8
8 56
60 15
15 60
79 32
32 79
81 74
74 81
51 28
28 51
71 22
22 71
51 25
25 51
77 52
52 77
30 3
3 30
46 45
45 46
93 61
61 93
83 6
6 83
48 40
40 48
82 15
15 82
82 25
25 82
84 34
34 84
75 39
39 75
72 24
24 72
95 16
16 95
79 29
29 79
31 9
9 31
51 40
40 51
92 40
40 92
93 51
51 93
59 4
4 59
64 6
6 64
70 58
58 70
51 3
3 51
74 50
50 74
59 18
18 59
91 50
50 91
79 53
53 79
82 73
73 82
93 26
26 93
24 1
1 24
68 54
54 68
53 10
10 53
36 9
9 36
42 8
8 42
22 7
7 22
89 75
75 89
95 29
29 95
96 58
58 96
93 23
23 93
46 18
18 46
52 33
33 52
49 26
26 49
70 51
51 70
96 67
67 96
94 31
31 94
98 51
51 98
74 72
72 74
88 59
59 88
79 63
63 79
63 1
1 63
25 22
22 25
85 10
10 85
92 43
43 92
94 69
69 94
76 17
17 76
86 18
18 86
94 48
48 94
63 48
48 63
44 19
19 44
85 11
11 85
91 42
42 91
22 14
14 22
35 19
19 35
95 82
82 95
92 35
35 92
27 2
2 27
87 40
40 87
42 2
2 42
68 22
22 68
84 56
56 84
96 83
83 96
43 33
33 43
82 46
46 82
93 83
83 93
74 68
68 74
66 64
64 66
27 17
17 27
76 25
25 76
58 2
2 58
88 71
71 88
94 93
93 94
75 23
23 75
44 7
7 44
83 2
2 83
21 12
12 21
49 38
38 49
20 7
7 20
31 28
28 31
90 84
84 90
37 15
15 37
27 9
9 27
37 4
4 37
48 15
15 48
45 14
14 45
88 53
53 88
59 12
12 59
65 30
30 65
57 53
53 57
85 20
20 85
58 42
42 58
97 1
1 97
64 37
37 64
97 73
73 97
74 53
53 74
26 3
3 26
53 2
2 53
95 80
80 95
99 25
25 99
26 11
11 26
67 37
37 67
97 78
78 97
93 18
18 93
69 57
57 69
63 23
23 63
73 69
69 73
22 12
12 22
70 26
26 70
94 86
86 94
76 35
35 76
96 16
16 96
41 14
14 41
35 30
30 35
34 25
25 34
87 39
39 87
32 11
11 32
75 59
59 75
98 96
96 98
54 47
47 54
53 32
32 53
66 60
60 66
30 13
13 30
57 52
52 57
96 62
62 96
76 64
64 76
52 46
46 52
42 21
21 42
54 12
12 54
51 39
39 51
79 27
27 79
30 25
25 30
92 20
20 92
48 21
21 48
89 28
28 89
75 30
30 75
59 19
19 59
80 14
14 80
29 12
12 29
48 38
38 48
26 16
16 26
62 39
39 62
34 1
1 34
96 49
49 96
99 18
18 99
52 13
13 52
84 77
77 84
90 74
74 90
95 65
65 95
66 29
29 66
86 27
27 86
64 30
30 64
56 27
27 56
99 52
52 99
79 5
5 79
35 4
4 35
51 29
29 51
46 10
10 46
86 4
4 86
93 31
31 93
19 2
2 19
75 61
61 75
58 13
13 58
57 18
18 57
78 49
49 78
56 19
19 56
43 26
26 43
80 40
40 80
45 36
36 45
96 78
78 96
96 74
74 96
95 20
20 95
86 7
7 86
89 62
62 89
94 87
87 94
59 53
53 59
49 7
7 49
55 29
29 55
95 30
30 95
95 2
2 95
90 37
37 90
85 54
54 85
81 58
58 81
98 45
45 98
79 1
1 79
14 12
12 14
84 53
53 84
43 6
6 43
47 19
19 47
64 23
23 64
88 79
79 88
70 15
15 70
55 50
50 55
95 43
43 95
64 29
29 64
50 29
29 50
80 71
71 80
37 11
11 37
85 24
24 85
99 39
39 99
65 28
28 65
46 41
41 46
62 18
18 62
23 12
12 23
93 80
80 93
75 49
49 75
54 25
25 54
54 16
16 54
97 31
31 97
14 11
11 14
57 8
8 57
28 14
14 28
83 38
38 83
29 15
15 29
56 25
25 56
48 10
10 48
89 65
65 89
84 29
29 84
57 4
4 57
92 3
3 92
76 18
18 76
72 38
38 72
88 16
16 88
90 89
89 90
77 20
20 77
78 60
60 78
91 37
37 91
72 26
26 72
90 82
82 90
73 38
38 73
57 2
2 57
79 28
28 79
56 9
9 56
98 44
44 98
25 9
9 25
83 19
19 83
97 32
32 97
69 49
49 69
97 62
62 97
46 13
13 46
32 23
23 32
84 66
66 84
42 32
32 42
51 5
5 51
67 40
40 67
63 20
20 63
51 50
50 51
85 34
34 85
90 86
86 90
80 8
8 80
48 17
17 48
53 6
6 53
40 15
15 40
73 31
31 73
58 7
7 58
96 63
63 96
38 4
4 38
54 23
23 54
91 62
62 91
62 49
49 62
71 24
24 71
85 61
61 85
81 9
9 81
85 41
41 85
94 6
6 94
58 41
41 58
73 2
2 73
76 75
75 76
67 28
28 67
81 34
34 81
100 86
86 100
81 15
15 81
92 18
18 92
92 32
32 92
19 16
16 19
66 59
59 66
64 10
10 64
68 52
52 68
58 46
46 58
97 68
68 97
58 34
34 58
27 6
6 27
67 57
57 67
56 12
12 56
65 55
55 65
34 6
6 34
96 73
73 96
86 31
31 86
100 78
78 100
71 65
65 71
98 85
85 98
57 26
26 57
47 31
31 47
91 30
30 91
90 63
63 90
100 66
66 100
90 10
10 90
32 31
31 32
59 5
5 59
87 86
86 87
97 66
66 97
71 59
59 71
67 29
29 67
85 72
72 85
84 33
33 84
27 24
24 27
45 29
29 45
100 51
51 100
93 24
24 93
15 1
1 15
67 4
4 67
72 13
13 72
88 7
7 88
39 8
8 39
72 20
20 72
96 32
32 96
92 46
46 92
92 22
22 92
86 73
73 86
63 46
46 63
76 5
5 76
29 19
19 29
76 46
46 76
49 33
33 49
90 39
39 90
98 90
90 98
54 48
48 54
83 64
64 83
100 89
89 100
22 20
20 22
89 38
38 89
95 51
51 95
90 2
2 90
81 44
44 81
89 55
55 89
23 20
20 23
63 15
15 63
42 28
28 42
78 33
33 78
24 16
16 24
53 38
38 53
92 5
5 92
45 27
27 45
42 5
5 42
79 58
58 79
88 13
13 88
91 85
85 91
76 67
67 76
93 15
15 93
98 6
6 98
73 34
34 73
19 15
15 19
98 79
79 98
76 61
61 76
75 6
6 75
92 19
19 92
99 49
49 99
85 79
79 85
81 22
22 81
5 2
2 5
18 12
12 18
92 21
21 92
69 3
3 69
93 22
22 93
66 28
28 66
66 62
62 66
42 22
22 42
78 75
75 78
50 33
33 50
84 37
37 84
100 9
9 100
96 71
71 96
46 1
1 46
94 34
34 94
77 13
13 77
52 25
25 52
75 66
66 75
54 2
2 54
45 25
25 45
61 27
27 61
50 20
20 50
37 7
7 37
85 74
74 85
62 46
46 62
16 5
5 16
75 29
29 75
11 5
5 11
34 13
13 34
62 54
54 62
76 12
12 76
40 7
7 40
100 91
91 100
48 18
18 48
52 41
41 52
93 67
67 93
67 32
32 67
85 77
77 85
40 20
20 40
87 18
18 87
86 39
39 86
54 30
30 54
88 74
74 88
74 46
46 74
60 24
24 60
42 1
1 42
59 24
24 59
96 70
70 96
73 43
43 73
20 9
9 20
80 76
76 80
81 63
63 81
7 4
4 7
56 53
53 56
33 29
29 33
38 6
6 38
92 36
36 92
57 43
43 57
79 69
69 79
96 26
26 96
54 9
9 54
55 37
37 55
93 72
72 93
55 33
33 55
54 21
21 54
28 26
26 28
97 81
81 97
57 34
34 57
77 76
76 77
55 19
19 55
60 9
9 60
34 12
12 34
57 40
40 57
76 4
4 76
38 19
19 38
59 45
45 59
30 20
20 30
49 1
1 49
29 27
27 29
63 7
7 63
83 69
69 83
39 26
26 39
74 38
38 74
79 17
17 79
47 23
23 47
98 81
81 98
94 16
16 94
93 34
34 93
80 58
58 80
50 32
32 50
95 27
27 95
61 48
48 61
96 33
33 96
87 6
6 87
91 15
15 91
72 31
31 72
47 6
6 47
36 8
8 36
23 18
18 23
38 37
37 38
74 73
73 74
92 49
49 92
29 21
21 29
77 64
64 77
50 15
15 50
95 7
7 95
45 31
31 45
58 51
51 58
86 60
60 86
19 8
8 19
88 12
12 88
92 65
65 92
95 50
50 95
37 13
13 37
89 30
30 89
58 52
52 58
38 21
21 38
81 55
55 81
81 68
68 81
92 83
83 92
96 76
76 96
62 29
29 62
29 14
14 29
68 14
14 68
52 28
28 52
24 7
7 24
71 66
66 71
72 23
23 72
97 20
20 97
85 35
35 85
42 10
10 42
70 18
18 70
71 12
12 71
81 19
19 81
44 12
12 44
75 37
37 75
94 11
11 94
80 6
6 80
33 21
21 33
75 52
52 75
66 36
36 66
36 26
26 36
32 3
3 32
83 50
50 83
92 53
53 92
75 8
8 75
41 29
29 41
94 2
2 94
51 10
10 51
69 2
2 69
70 43
43 70
74 28
28 74
46 16
16 46
31 23
23 31
71 54
54 71
76 31
31 76
69 54
54 69
80 32
32 80
72 60
60 72
88 52
52 88
64 44
44 64
69 63
63 69
31 13
13 31
27 25
25 27
100 36
36 100
99 35
35 99
65 22
22 65
7 6
6 7
13 12
12 13
28 11
11 28
93 49
49 93
69 23
23 69
71 16
16 71
68 65
65 68
40 4
4 40
80 53
53 80
66 42
42 66
89 37
37 89
69 28
28 69
67 19
19 67
55 6
6 55
90 70
70 90
50 30
30 50
57 20
20 57
18 9
9 18
47 5
5 47
91 60
60 91
99 64
64 99
10 5
5 10
34 19
19 34
98 53
53 98
100 61
61 100
90 24
24 90
85 40
40 85
64 43
43 64
35 25
25 35
71 23
23 71
68 41
41 68
52 8
8 52
56 20
20 56
63 18
18 63
71 28
28 71
56 22
22 56
98 93
93 98
99 41
41 99
100 93
93 100
99 42
42 99
18 15
15 18
77 63
63 77
76 69
69 76
89 59
59 89
69 52
52 69
65 24
24 65
99 59
59 99
67 11
11 67
79 16
16 79
61 19
19 61
91 34
34 91
74 70
70 74
95 83
83 95
74 55
55 74
49 35
35 49
49 4
4 49
82 71
71 82
76 71
71 76
92 77
77 92
61 49
49 61
24 23
23 24
92 42
42 92
77 59
59 77
94 42
42 94
70 3
3 70
63 33
33 63
100 99
99 100
44 26
26 44
80 57
57 80
97 50
50 97
76 45
45 76
64 5
5 64
98 32
32 98
98 11
11 98
54 1
1 54
87 42
42 87
98 73
73 98
63 8
8 63
66 57
57 66
93 48
48 93
97 13
13 97
87 48
48 87
44 33
33 44
12 9
9 12
30 6
6 30
88 41
41 88
44 34
34 44
51 16
16 51
57 15
15 57
74 4
4 74
85 27
27 85
100 39
39 100
45 43
43 45
78 31
31 78
84 17
17 84
93 85
85 93
91 38
38 91
58 36
36 58
35 27
27 35
91 9
9 91
73 62
62 73
41 5
5 41
60 22
22 60
99 75
75 99
90 65
65 90
50 25
25 50
63 35
35 63
73 4
4 73
50 11
11 50
91 8
8 91
90 5
5 90
92 25
25 92
100 15
15 100
60 14
14 60
71 43
43 71
88 72
72 88
92 84
84 92
34 11
11 34
20 18
18 20
93 92
92 93
52 19
19 52
87 21
21 87
73 5
5 73
75 46
46 75
21 6
6 21
56 5
5 56
95 34
34 95
49 18
18 49
52 26
26 52
90 47
47 90
73 1
1 73
86 8
8 86
77 71
71 77
100 40
40 100
96 87
87 96
41 22
22 41
64 54
54 64
67 41
41 67
83 74
74 83
51 19
19 51
51 22
22 51
98 56
56 98
45 10
10 45
89 47
47 89
100 5
5 100
20 16
16 20
100 50
50 100
91 7
7 91
88 6
6 88
73 71
71 73
56 1
1 56
98 91
91 98
54 33
33 54
63 9
9 63
30 17
17 30
46 26
26 46
70 48
48 70
91 36
36 91
50 23
23 50
62 16
16 62
97 70
70 97
66 21
21 66
27 5
5 27
82 14
14 82
98 25
25 98
100 98
98 100
78 17
17 78
76 43
43 76
22 9
9 22
87 23
23 87
10 3
3 10
95 85
85 95
78 58
58 78
32 1
1 32
84 57
57 84
79 36
36 79
47 36
36 47
87 43
43 87
22 17
17 22
67 66
66 67
68 16
16 68
32 26
26 32
23 15
15 23
12 1
1 12
76 53
53 76
22 11
11 22
90 31
31 90
91 59
59 91
44 38
38 44
66 63
63 66
84 36
36 84
51 32
32 51
16 7
7 16
36 15
15 36
93 35
35 93
58 24
24 58
99 60
60 99
33 17
17 33
82 38
38 82
77 57
57 77
45 17
17 45
9 8
8 9
52 30
30 52
44 11
11 44
47 14
14 47
92 31
31 92
51 14
14 51
81 50
50 81
98 22
22 98
100 30
30 100
88 87
87 88
79 40
40 79
58 10
10 58
39 22
22 39
64 47
47 64
39 4
4 39
64 28
28 64
41 24
24 41
93 69
69 93
58 44
44 58
95 42
42 95
69 4
4 69
57 6
6 57
37 25
25 37
96 50
50 96
74 18
18 74
35 5
5 35
45 44
44 45
76 1
1 76
61 30
30 61
38 10
10 38
92 39
39 92
79 13
13 79
48 4
4 48
66 25
25 66
93 1
1 93
21 7
7 21
94 7
7 94
73 41
41 73
78 67
67 78
67 15
15 67
80 62
62 80
86 80
80 86
9 1
1 9
67 7
7 67
7 3
3 7
26 19
19 26
92 85
85 92
74 49
49 74
94 67
67 94
64 21
21 64
92 79
79 92
82 31
31 82
54 20
20 54
86 22
22 86
85 22
22 85
95 79
79 95
99 92
92 99
100 43
43 100
70 4
4 70
26 23
23 26
78 63
63 78
77 60
60 77
91 80
80 91
64 57
57 64
91 84
84 91
77 19
19 77
45 13
13 45
97 52
52 97
98 94
94 98
80 28
28 80
81 8
8 81
94 37
37 94
62 60
60 62
77 66
66 77
86 16
16 86
41 21
21 41
44 24
24 44
12 10
10 12
89 15
15 89
81 77
77 81
98 95
95 98
89 50
50 89
57 16
16 57
93 78
78 93
69 62
62 69
27 15
15 27
70 31
31 70
85 71
71 85
85 65
65 85
55 8
8 55
49 12
12 49
57 5
5 57
91 53
53 91
92 78
78 92
52 38
38 52
76 11
11 76
94 26
26 94
68 29
29 68
75 10
10 75
77 17
17 77
73 70
70 73
76 55
55 76
55 15
15 55
98 74
74 98
95 12
12 95
92 45
45 92
36 5
5 36
32 28
28 32
55 44
44 55
95 62
62 95
13 7
7 13
41 17
17 41
88 78
78 88
49 40
40 49
70 69
69 70
77 67
67 77
53 47
47 53
88 43
43 88
66 51
51 66
6 1
1 6
84 61
61 84
79 19
19 79
55 10
10 55
47 39
39 47
83 18
18 83
69 9
9 69
46 9
9 46
52 24
24 52
81 73
73 81
19 14
14 19
77 16
16 77
89 25
25 89
47 29
29 47
96 89
89 96
80 19
19 80
94 55
55 94
98 46
46 98
71 49
49 71
93 74
74 93
84 16
16 84
87 5
5 87
61 26
26 61
43 10
10 43
43 31
31 43
97 30
30 97
56 47
47 56
84 48
48 84
92 80
80 92
29 17
17 29
65 34
34 65
62 17
17 62
21 10
10 21
77 18
18 77
31 20
20 31
66 18
18 66
84 39
39 84
65 57
57 65
52 14
14 52
58 53
53 58
92 27
27 92
93 37
37 93
64 45
45 64
28 10
10 28
34 16
16 34
81 5
5 81
38 14
14 38
93 71
71 93
84 70
70 84
79 62
62 79
91 47
47 91
79 45
45 79
87 37
37 87
31 29
29 31
74 59
59 74
67 31
31 67
78 56
56 78
91 22
22 91
23 8
8 23
66 22
22 66
65 38
38 65
89 39
39 89
64 42
42 64
94 41
41 94
59 58
58 59
28 7
7 28
82 13
13 82
40 33
33 40
86 28
28 86
98 28
28 98
83 17
17 83
90 67
67 90
91 65
65 91
99 14
14 99
67 50
50 67
65 58
58 65
78 70
70 78
83 57
57 83
90 26
26 90
94 8
8 94
69 50
50 69
57 31
31 57
94 29
29 94
55 16
16 55
44 36
36 44
94 91
91 94
81 46
46 81
89 54
54 89
61 47
47 61
87 45
45 87
45 32
32 45
70 55
55 70
63 27
27 63
99 58
58 99
38 7
7 38
95 9
9 95
64 31
31 64
92 2
2 92
58 49
49 58
75 57
57 75
28 24
24 28
84 45
45 84
67 58
58 67
95 17
17 95
95 93
93 95
99 93
93 99
52 6
6 52
89 29
29 89
35 13
13 35
84 5
5 84
92 41
41 92
52 1
1 52
72 40
40 72
77 50
50 77
49 20
20 49
36 7
7 36
62 22
22 62
45 6
6 45
67 24
24 67
60 35
35 60
30 14
14 30
33 3
3 33
74 62
62 74
64 34
34 64
58 45
45 58
97 22
22 97
70 27
27 70
38 13
13 38
23 1
1 23
13 9
9 13
91 83
83 91
37 26
26 37
37 17
17 37
99 82
82 99
76 65
65 76
53 14
14 53
88 49
49 88
62 13
13 62
61 9
9 61
98 4
4 98
94 24
24 94
77 27
27 77
59 36
36 59
78 10
10 78
50 18
18 50
16 1
1 16
98 8
8 98
61 29
29 61
70 42
42 70
99 71
71 99
31 22
22 31
99 24
24 99
74 37
37 74
97 42
42 97
69 65
65 69
93 73
73 93
82 22
22 82
64 50
50 64
47 30
30 47
85 64
64 85
91 58
58 91
95 84
84 95
46 12
12 46
92 15
15 92
27 7
7 27
91 72
72 91
97 3
3 97
99 6
6 99
73 6
6 73
55 39
39 55
93 88
88 93
90 3
3 90
80 13
13 80
98 89
89 98
91 16
16 91
92 71
71 92
83 45
45 83
26 10
10 26
44 15
15 44
49 30
30 49
42 29
29 42
95 8
8 95
11 10
10 11
69 43
43 69
91 66
66 91
41 23
23 41
30 9
9 30
64 35
35 64
29 22
22 29
71 61
61 71
78 9
9 78
48 34
34 48
83 54
54 83
82 53
53 82
94 13
13 94
66 15
15 66
80 67
67 80
86 52
52 86
83 67
67 83
32 7
7 32
84 59
59 84
28 15
15 28
5 3
3 5
85 57
57 85
62 25
25 62
60 2
2 60
86 61
61 86
46 25
25 46
77 56
56 77
67 16
16 67
58 5
5 58
71 30
30 71
94 47
47 94
82 27
27 82
69 47
47 69
23 22
22 23
43 18
18 43
97 35
35 97
62 14
14 62
100 13
13 100
86 75
75 86
77 69
69 77
81 3
3 81
73 30
30 73
84 24
24 84
38 28
28 38
32 5
5 32
96 56
56 96
11 3
3 11
80 16
16 80
76 42
42 76
55 26
26 55
92 72
72 92
100 79
79 100
41 40
40 41
85 16
16 85
89 23
23 89
65 44
44 65
40 8
8 40
81 64
64 81
19 18
18 19
72 67
67 72
94 51
51 94
96 79
79 96
53 48
48 53
44 10
10 44
90 45
45 90
87 60
60 87
83 8
8 83
80 50
50 80
39 34
34 39
93 89
89 93
95 81
81 95
59 8
8 59
79 65
65 79
66 2
2 66
68 33
33 68
97 63
63 97
17 16
16 17
70 13
13 70
91 73
73 91
79 49
49 79
91 54
54 91
76 48
48 76
80 45
45 80
90 55
55 90
90 18
18 90
97 4
4 97
95 60
60 95
73 59
59 73
66 12
12 66
97 8
8 97
56 4
4 56
100 65
65 100
69 19
19 69
81 40
40 81
97 56
56 97
84 64
64 84
97 54
54 97
29 16
16 29
76 10
10 76
37 14
14 37
69 40
40 69
59 51
51 59
98 15
15 98
57 21
21 57
71 42
42 71
59 30
30 59
41 13
13 41
35 24
24 35
93 4
4 93
55 51
51 55
57 19
19 57
78 69
69 78
39 21
21 39
39 24
24 39
66 24
24 66
91 89
89 91
81 80
80 81
83 24
24 83
40 14
14 40
99 95
95 99
74 52
52 74
98 27
27 98
26 4
4 26
24 8
8 24
70 25
25 70
54 27
27 54
62 11
11 62
67 12
12 67
46 23
23 46
88 5
5 88
64 26
26 64
78 21
21 78
34 7
7 34
54 7
7 54
59 54
54 59
37 22
22 37
73 24
24 73
81 37
37 81
83 43
43 83
95 26
26 95
100 4
4 100
27 14
14 27
62 36
36 62
77 22
22 77
97 23
23 97
57 9
9 57
65 27
27 65
67 10
10 67
75 47
47 75
78 20
20 78
18 10
10 18
64 38
38 64
82 48
48 82
39 16
16 39
60 13
13 60
64 36
36 64
88 31
31 88
99 97
97 99
94 66
66 94
39 15
15 39
61 60
60 61
86 47
47 86
68 11
11 68
22 13
13 22
63 21
21 63
95 66
66 95
69 64
64 69
26 1
1 26
98 55
55 98
98 67
67 98
96 55
55 96
35 28
28 35
48 45
45 48
87 41
41 87
35 15
15 35
77 47
47 77
84 6
6 84
44 32
32 44
96 14
14 96
68 4
4 68
88 39
39 88
70 35
35 70
71 44
44 71
60 45
45 60
92 87
87 92
54 5
5 54
78 6
6 78
56 42
42 56
87 80
80 87
64 56
56 64
80 29
29 80
94 14
14 94
85 70
70 85
64 46
46 64
92 6
6 92
60 33
33 60
85 42
42 85
17 7
7 17
58 55
55 58
77 62
62 77
98 47
47 98
80 12
12 80
55 46
46 55
45 28
28 45
91 23
23 91
15 5
5 15
82 70
70 82
97 77
77 97
91 39
39 91
86 66
66 86
60 8
8 60
48 9
9 48
17 6
6 17
59 29
29 59
97 49
49 97
74 42
42 74
85 53
53 85
65 6
6 65
54 38
38 54
40 26
26 40
48 44
44 48
31 30
30 31
67 43
43 67
55 28
28 55
69 38
38 69
56 16
16 56
75 18
18 75
96 51
51 96
32 16
16 32
62 50
50 62
70 16
16 70
31 3
3 31
58 57
57 58
92 9
9 92
73 47
47 73
45 8
8 45
75 74
74 75
50 42
42 50
89 10
10 89
81 21
21 81
45 42
42 45
39 19
19 39
87 47
47 87
87 29
29 87
81 52
52 81
61 35
35 61
97 95
95 97
100 82
82 100
90 15
15 90
95 18
18 95
93 29
29 93
71 5
5 71
23 7
7 23
59 11
11 59
67 54
54 67
62 30
30 62
84 55
55 84
54 42
42 54
99 96
96 99
47 3
3 47
20 17
17 20
75 68
68 75
95 91
91 95
46 28
28 46
69 53
53 69
74 1
1 74
91 5
5 91
68 27
27 68
35 32
32 35
92 1
1 92
80 78
78 80
71 4
4 71
87 10
10 87
57 14
14 57
89 63
63 89
80 42
42 80
69 10
10 69
83 63
63 83
90 16
16 90
87 12
12 87
80 74
74 80
75 14
14 75
81 18
18 81
12 8
8 12
88 25
25 88
61 1
1 61
96 81
81 96
82 68
68 82
58 1
1 58
52 27
27 52
41 6
6 41
54 37
37 54
72 44
44 72
66 23
23 66
84 9
9 84
28 27
27 28
79 20
20 79
29 4
4 29
79 48
48 79
67 2
2 67
97 57
57 97
93 64
64 93
79 14
14 79
84 35
35 84
77 44
44 77
74 67
67 74
86 13
13 86
91 19
19 91
79 8
8 79
81 49
49 81
68 40
40 68
39 1
1 39
42 17
17 42
86 30
30 86
80 5
5 80
37 18
18 37
49 24
24 49
84 72
72 84
74 16
16 74
95 36
36 95
25 2
2 25
84 18
18 84
42 40
40 42
98 12
12 98
94 9
9 94
28 20
20 28
72 49
49 72
92 11
11 92
95 87
87 95
96 75
75 96
46 43
43 46
11 8
8 11
29 9
9 29
16 2
2 16
57 51
51 57
53 20
20 53
78 3
3 78
48 26
26 48
51 33
33 51
81 28
28 81
43 38
38 43
98 24
24 98
88 14
14 88
73 58
58 73
85 32
32 85
79 23
23 79
81 79
79 81
62 42
42 62
48 27
27 48
46 40
40 46
99 43
43 99
93 56
56 93
56 36
36 56
71 6
6 71
81 48
48 81
64 32
32 64
98 42
42 98
96 80
80 96
95 56
56 95
10 7
7 10
97 51
51 97
19 13
13 19
59 10
10 59
75 15
15 75
76 68
68 76
38 9
9 38
95 25
25 95
14 9
9 14
58 17
17 58
81 51
51 81
63 55
55 63
62 8
8 62
51 49
49 51
68 32
32 68
41 39
39 41
93 70
70 93
52 23
23 52
85 67
67 85
96 17
17 96
83 11
11 83
75 41
41 75
85 5
5 85
87 30
30 87
100 28
28 100
75 54
54 75
86 3
3 86
82 28
28 82
100 63
63 100
80 7
7 80
64 40
40 64
14 5
5 14
99 86
86 99
96 86
86 96
79 66
66 79
50 43
43 50
92 51
51 92
81 20
20 81
30 15
15 30
47 37
37 47
44 4
4 44
80 39
39 80
85 78
78 85
38 11
11 38
75 45
45 75
57 38
38 57
66 4
4 66
76 3
3 76
76 2
2 76
84 15
15 84
53 40
40 53
86 6
6 86
80 69
69 80
84 41
41 84
92 58
58 92
90 75
75 90
18 3
3 18
96 34
34 96
31 18
18 31
25 18
18 25
74 30
30 74
69 37
37 69
34 33
33 34
72 61
61 72
92 68
68 92
26 17
17 26
88 22
22 88
84 63
63 84
65 64
64 65
13 4
4 13
80 27
27 80
34 22
22 34
63 4
4 63
99 56
56 99
80 25
25 80
98 78
78 98
87 79
79 87
67 44
44 67
90 58
58 90
54 35
35 54
18 13
13 18
87 54
54 87
95 77
77 95
55 34
34 55
88 47
47 88
94 45
45 94
87 27
27 87
37 27
27 37
88 63
63 88
91 20
20 91
66 31
31 66
100 10
10 100
96 15
15 96
36 10
10 36
82 16
16 82
85 84
84 85
47 20
20 47
95 68
68 95
24 17
17 24
86 57
57 86
51 1
1 51
70 7
7 70
99 10
10 99
61 8
8 61
92 56
56 92
86 65
65 86
82 24
24 82
48 14
14 48
15 13
13 15
84 73
73 84
89 68
68 89
59 52
52 59
30 8
8 30
25 11
11 25
38 25
25 38
48 3
3 48
65 45
45 65
34 4
4 34
39 32
32 39
28 5
5 28
75 31
31 75
86 32
32 86
75 7
7 75
85 76
76 85
83 82
82 83
83 14
14 83
80 64
64 80
80 51
51 80
77 43
43 77
80 31
31 80
96 85
85 96
92 82
82 92
100 46
46 100
10 1
1 10
51 23
23 51
74 25
25 74
98 39
39 98
89 56
56 89
73 40
40 73
85 62
62 85
51 38
38 51
83 62
62 83
72 15
15 72
30 5
5 30
37 12
12 37
97 67
67 97
86 71
71 86
97 58
58 97
94 65
65 94
37 33
33 37
45 7
7 45
13 6
6 13
83 78
78 83
85 19
19 85
49 9
9 49
48 6
6 48
72 33
33 72
100 87
87 100
92 26
26 92
63 44
44 63
36 23
23 36
42 27
27 42
12 7
7 12
56 7
7 56
74 14
14 74
99 32
32 99
57 47
47 57
18 4
4 18
75 24
24 75
49 31
31 49
67 13
13 67
74 9
9 74
97 71
71 97
92 8
8 92
49 46
46 49
69 39
39 69
94 12
12 94
41 4
4 41
99 83
83 99
15 2
2 15
10 2
2 10
26 7
7 26
82 5
5 82
98 61
61 98
82 32
32 82
100 22
22 100
62 31
31 62
83 22
22 83
42 7
7 42
72 46
46 72
92 74
74 92
28 17
17 28
87 67
67 87
49 17
17 49
44 31
31 44
49 2
2 49
66 49
49 66
69 45
45 69
96 18
18 96
34 31
31 34
90 30
30 90
42 4
4 42
66 7
7 66
56 24
24 56
90 13
13 90
25 13
13 25
88 50
50 88
27 12
12 27
73 28
28 73
98 97
97 98
69 25
25 69
81 60
60 81
45 38
38 45
81 53
53 81
58 23
23 58
67 25
25 67
66 58
58 66
34 8
8 34
72 1
1 72
84 58
58 84
63 30
30 63
48 5
5 48
77 54
54 77
23 11
11 23
100 41
41 100
99 17
17 99
66 26
26 66
87 22
22 87
80 23
23 80
88 56
56 88
99 37
37 99
61 7
7 61
62 40
40 62
88 1
1 88
61 21
21 61
62 3
3 62
26 22
22 26
92 34
34 92
32 24
24 32
78 28
28 78
99 50
50 99
52 9
9 52
19 11
11 19
74 60
60 74
47 12
12 47
94 56
56 94
84 25
25 84
94 40
40 94
35 10
10 35
86 49
49 86
59 39
39 59
91 3
3 91
99 78
78 99
49 3
3 49
71 41
41 71
75 20
20 75
63 5
5 63
68 51
51 68
98 34
34 98
94 62
62 94
43 41
41 43
95 58
58 95
92 12
12 92
94 59
59 94
76 66
66 76
85 50
50 85
79 15
15 79
66 17
17 66
93 30
30 93
52 42
42 52
50 7
7 50
98 84
84 98
72 39
39 72
94 90
90 94
43 36
36 43
89 1
1 89
90 50
50 90
73 46
46 73
51 7
7 51
67 8
8 67
94 63
63 94
92 89
89 92
81 76
76 81
73 13
13 73
82 39
39 82
75 56
56 75
28 3
3 28
40 32
32 40
55 36
36 55
38 16
16 38
20 11
11 20
34 30
30 34
51 21
21 51
83 20
20 83
93 44
44 93
92 38
38 92
84 82
82 84
88 11
11 88
36 18
18 36
60 58
58 60
45 15
15 45
95 23
23 95
87 66
66 87
89 32
32 89
78 16
16 78
96 41
41 96
96 35
35 96
68 23
23 68
46 19
19 46
70 41
41 70
74 36
36 74
71 51
51 71
64 41
41 64
39 38
38 39
82 79
79 82
98 70
70 98
99 7
7 99
33 22
22 33
61 57
57 61
81 29
29 81
76 51
51 76
76 57
57 76
37 10
10 37
32 4
4 32
40 24
24 40
69 42
42 69
66 53
53 66
41 37
37 41
88 40
40 88
29 28
28 29
46 35
35 46
50 45
45 50
92 24
24 92
24 2
2 24
31 8
8 31
58 11
11 58
55 41
41 55
72 64
64 72
35 17
17 35
31 24
24 31
48 25
25 48
55 12
12 55
61 13
13 61
58 26
26 58
63 6
6 63
48 32
32 48
84 28
28 84
85 80
80 85
65 3
3 65
73 49
49 73
34 15
15 34
73 11
11 73
32 13
13 32
96 91
91 96
62 44
44 62
46 39
39 46
57 45
45 57
11 2
2 11
29 13
13 29
84 26
26 84
88 2
2 88
25 5
5 25
70 66
66 70
90 29
29 90
62 41
41 62
98 49
49 98
97 94
94 97
82 8
8 82
68 35
35 68
59 35
35 59
46 2
2 46
78 8
8 78
82 67
67 82
76 22
22 76
14 3
3 14
85 6
6 85
62 61
61 62
23 9
9 23
50 4
4 50
77 42
42 77
43 25
25 43
65 32
32 65
84 23
23 84
81 39
39 81
78 71
71 78
39 37
37 39
69 17
17 69
42 30
30 42
53 1
1 53
82 72
72 82
73 16
16 73
97 18
18 97
69 35
35 69
71 46
46 71
95 40
40 95
18 8
8 18
67 27
27 67
47 33
33 47
67 39
39 67
96 30
30 96
38 18
18 38
64 19
19 64
73 67
67 73
38 22
22 38
74 34
34 74
63 53
53 63
38 36
36 38
80 52
52 80
61 16
16 61
34 14
14 34
87 9
9 87
71 17
17 71
81 42
42 81
100 6
6 100
65 33
33 65
76 72
72 76
37 31
31 37
23 21
21 23
90 76
76 90
72 30
30 72
89 87
87 89
75 42
42 75
46 44
44 46
71 70
70 71
59 15
15 59
69 68
68 69
88 82
82 88
67 56
56 67
52 47
47 52
77 12
12 77
66 35
35 66
49 10
10 49
42 20
20 42
69 41
41 69
71 19
19 71
88 67
67 88
40 31
31 40
54 31
31 54
75 4
4 75
54 36
36 54
91 68
68 91
24 4
4 24
76 7
7 76
71 21
21 71
62 37
37 62
73 56
56 73
90 49
49 90
96 72
72 96
77 14
14 77
70 28
28 70
22 8
8 22
100 55
55 100
88 51
51 88
89 36
36 89
67 33
33 67
89 4
4 89
74 40
40 74
17 9
9 17
72 18
18 72
83 47
47 83
33 11
11 33
21 13
13 21
74 57
57 74
82 20
20 82
82 54
54 82
76 59
59 76
100 80
80 100
86 35
35 86
81 69
69 81
68 20
20 68
72 51
51 72
40 36
36 40
68 21
21 68
48 28
28 48
71 68
68 71
47 44
44 47
58 19
19 58
79 72
72 79
59 44
44 59
32 8
8 32
41 32
32 41
53 5
5 53
47 26
26 47
70 46
46 70
92 67
67 92
51 13
13 51
57 24
24 57
71 48
48 71
48 7
7 48
75 11
11 75
100 20
20 100
39 11
11 39
95 14
14 95
52 31
31 52
89 85
85 89
62 58
58 62
89 35
35 89
79 78
78 79
42 34
34 42
33 2
2 33
93 11
11 93
78 66
66 78
63 37
37 63
68 13
13 68
67 55
55 67
87 35
35 87
54 41
41 54
99 69
69 99
97 92
92 97
46 14
14 46
82 61
61 82
39 7
7 39
88 61
61 88
75 1
1 75
53 29
29 53
60 59
59 60
68 2
2 68
99 36
36 99
84 7
7 84
35 16
16 35
97 72
72 97
44 6
6 44
82 41
41 82
62 53
53 62
96 20
20 96
99 34
34 99
82 52
52 82
35 6
6 35
99 38
38 99
54 10
10 54
57 22
22 57
17 15
15 17
42 25
25 42
87 4
4 87
6 5
5 6
82 37
37 82
35 18
18 35
93 12
12 93
94 19
19 94
46 30
30 46
70 23
23 70
35 1
1 35
94 30
30 94
76 9
9 76
68 12
12 68
44 22
22 44
95 38
38 95
54 43
43 54
35 21
21 35
84 60
60 84
59 34
34 59
90 68
68 90
28 12
12 28
29 20
20 29
47 46
46 47
53 34
34 53
62 35
35 62
82 35
35 82
99 31
31 99
