78 29
29 78
183 118
118 183
180 94
94 180
236 3
3 236
128 10
10 128
265 149
149 265
93 9
9 93
227 150
150 227
245 220
220 245
210 110
110 210
122 97
97 122
114 69
69 114
240 77
77 240
151 33
33 151
288 39
39 288
60 17
17 60
202 51
51 202
209 207
207 209
121 21
21 121
154 97
97 154
84 43
43 84
155 17
17 155
181 52
52 181
239 200
200 239
216 175
175 216
30 4
4 30
170 156
156 170
233 119
119 233
36 8
8 36
210 98
98 210
235 7
7 235
77 70
70 77
123 75
75 123
293 12
12 293
146 97
97 146
105 33
33 105
260 158
158 260
263 221
221 263
290 274
274 290
257 64
64 257
170 53
53 170
275 13
13 275
189 82
82 189
287 39
39 287
296 213
213 296
127 105
105 127
254 128
128 254
154 46
46 154
129 67
67 129
103 52
52 103
263 92
92 263
225 75
75 225
289 116
116 289
99 58
58 99
243 184
184 243
287 122
122 287
232 177
177 232
87 73
73 87
206 19
19 206
207 178
178 207
278 247
247 278
254 172
172 254
190 144
144 190
218 102
102 218
178 31
31 178
255 96
96 255
289 207
207 289
233 50
50 233
280 279
279 280
112 75
75 112
117 10
10 117
160 85
85 160
243 200
200 243
183 47
47 183
196 10
10 196
207 71
71 207
294 221
221 294
175 16
16 175
91 29
29 91
88 73
73 88
109 75
75 109
64 10
10 64
252 111
111 252
95 9
9 95
278 191
191 278
219 3
3 219
235 86
86 235
283 6
6 283
164 97
97 164
244 71
71 244
244 165
165 244
261 168
168 261
137 13
13 137
159 4
4 159
298 254
254 298
262 200
200 262
282 137
137 282
215 117
117 215
263 97
97 263
297 100
100 297
107 5
5 107
255 202
202 255
264 40
40 264
196 63
63 196
181 25
25 181
115 79
79 115
219 52
52 219
26 25
25 26
274 8
8 274
297 59
59 297
224 91
91 224
235 122
122 235
112 38
38 112
261 44
44 261
292 27
27 292
60 27
27 60
212 85
85 212
242 201
201 242
241 15
15 241
110 74
74 110
94 39
39 94
283 181
181 283
177 176
176 177
155 86
86 155
211 47
47 211
88 75
75 88
279 163
163 279
218 32
32 218
40 25
25 40
94 3
3 94
151 140
140 151
159 141
141 159
191 9
9 191
279 94
94 279
211 21
21 211
238 35
35 238
294 263
263 294
97 53
53 97
293 277
277 293
265 98
98 265
118 84
84 118
151 119
119 151
212 17
17 212
258 111
111 258
229 162
162 229
223 113
113 223
200 100
100 200
251 61
61 251
297 123
123 297
231 173
173 231
250 135
135 250
95 64
64 95
172 97
97 172
78 51
51 78
287 186
186 287
299 120
120 299
293 280
280 293
205 36
36 205
276 229
229 276
136 28
28 136
275 174
174 275
226 61
61 226
272 171
171 272
265 60
60 265
174 164
164 174
154 96
96 154
208 50
50 208
298 138
138 298
288 93
93 288
173 147
147 173
274 116
116 274
81 74
74 81
229 88
88 229
168 160
160 168
171 121
121 171
109 74
74 109
76 32
32 76
136 111
111 136
123 111
111 123
256 70
70 256
260 239
239 260
290 204
204 290
222 165
165 222
147 16
16 147
103 51
51 103
84 76
76 84
297 127
127 297
73 67
67 73
195 171
171 195
274 225
225 274
60 34
34 60
258 253
253 258
196 129
129 196
237 94
94 237
229 37
37 229
151 22
22 151
300 51
51 300
216 31
31 216
294 182
182 294
113 97
97 113
286 199
199 286
204 121
121 204
184 65
65 184
190 165
165 190
256 73
73 256
216 67
67 216
296 22
22 296
209 105
105 209
87 20
20 87
296 224
224 296
272 245
245 272
185 168
168 185
274 12
12 274
267 94
94 267
113 11
11 113
287 72
72 287
55 19
19 55
118 80
80 118
183 169
169 183
104 66
66 104
268 62
62 268
274 206
206 274
61 20
20 61
39 17
17 39
298 282
282 298
40 28
28 40
266 138
138 266
277 178
178 277
184 14
14 184
108 30
30 108
241 195
195 241
275 118
118 275
151 66
66 151
231 131
131 231
235 151
151 235
242 66
66 242
197 49
49 197
193 98
98 193
230 123
123 230
149 2
2 149
75 2
2 75
180 81
81 180
275 72
72 275
137 130
130 137
298 156
156 298
150 69
69 150
240 109
109 240
195 85
85 195
266 68
68 266
153 4
4 153
115 91
91 115
276 195
195 276
283 233
233 283
233 123
123 233
205 191
191 205
262 108
108 262
227 38
38 227
274 84
84 274
299 27
27 299
159 14
14 159
290 24
24 290
217 11
11 217
157 80
80 157
273 248
248 273
233 192
192 233
184 39
39 184
272 87
87 272
241 137
137 241
239 184
184 239
275 90
90 275
167 86
86 167
261 162
162 261
194 47
47 194
86 56
56 86
212 138
138 212
238 27
27 238
42 29
29 42
156 128
128 156
182 160
160 182
253 55
55 253
249 89
89 249
253 188
188 253
118 96
96 118
97 37
37 97
182 51
51 182
223 192
192 223
170 82
82 170
169 144
144 169
298 26
26 298
244 205
205 244
47 28
28 47
122 3
3 122
196 62
62 196
230 103
103 230
284 269
269 284
168 128
128 168
190 118
118 190
176 94
94 176
104 10
10 104
173 38
38 173
242 111
111 242
213 21
21 213
84 46
46 84
159 107
107 159
219 163
163 219
273 43
43 273
146 122
122 146
138 42
42 138
299 151
151 299
34 6
6 34
124 81
81 124
273 132
132 273
205 10
10 205
145 25
25 145
227 223
223 227
144 106
106 144
114 112
112 114
37 17
17 37
220 40
40 220
201 20
20 201
236 139
139 236
300 45
45 300
135 12
12 135
221 70
70 221
147 142
142 147
244 70
70 244
227 186
186 227
156 119
119 156
275 48
48 275
230 181
181 230
247 245
245 247
244 195
195 244
214 21
21 214
276 58
58 276
203 121
121 203
193 129
129 193
284 233
233 284
279 110
110 279
239 69
69 239
245 104
104 245
153 105
105 153
228 102
102 228
202 201
201 202
119 55
55 119
293 282
282 293
216 19
19 216
87 85
85 87
159 67
67 159
241 193
193 241
266 225
225 266
125 98
98 125
289 150
150 289
130 93
93 130
291 82
82 291
152 72
72 152
264 137
137 264
238 201
201 238
293 59
59 293
277 90
90 277
167 57
57 167
228 107
107 228
286 135
135 286
269 128
128 269
221 206
206 221
299 158
158 299
225 54
54 225
188 76
76 188
239 57
57 239
171 57
57 171
91 36
36 91
272 142
142 272
274 134
134 274
143 99
99 143
267 55
55 267
233 49
49 233
256 96
96 256
102 8
8 102
292 147
147 292
145 44
44 145
203 9
9 203
129 7
7 129
253 223
223 253
145 106
106 145
299 55
55 299
145 100
100 145
200 57
57 200
145 33
33 145
200 90
90 200
206 163
163 206
174 26
26 174
259 32
32 259
130 41
41 130
284 36
36 284
165 95
95 165
220 78
78 220
191 118
118 191
192 122
122 192
199 67
67 199
111 48
48 111
108 66
66 108
234 218
218 234
212 126
126 212
99 2
2 99
295 276
276 295
256 196
196 256
129 120
120 129
152 11
11 152
127 92
92 127
281 109
109 281
292 272
272 292
43 24
24 43
297 102
102 297
166 103
103 166
228 224
224 228
261 231
231 261
107 18
18 107
166 154
154 166
256 177
177 256
110 5
5 110
118 67
67 118
71 58
58 71
82 80
80 82
237 68
68 237
155 61
61 155
168 8
8 168
283 83
83 283
236 77
77 236
145 42
42 145
201 52
52 201
188 178
178 188
168 130
130 168
204 94
94 204
253 234
234 253
66 44
44 66
228 83
83 228
166 95
95 166
277 49
49 277
55 32
32 55
101 83
83 101
174 53
53 174
189 62
62 189
255 84
84 255
194 19
19 194
244 14
14 244
284 191
191 284
277 66
66 277
108 91
91 108
237 31
31 237
197 67
67 197
222 20
20 222
73 34
34 73
242 42
42 242
293 285
285 293
164 107
107 164
48 5
5 48
221 14
14 221
83 80
80 83
182 148
148 182
107 8
8 107
80 59
59 80
183 141
141 183
204 173
173 204
296 219
219 296
237 224
224 237
240 142
142 240
158 146
146 158
245 152
152 245
255 63
63 255
101 32
32 101
256 149
149 256
289 119
119 289
95 1
1 95
178 113
113 178
265 43
43 265
66 61
61 66
264 12
12 264
167 79
79 167
274 112
112 274
266 94
94 266
87 35
35 87
141 2
2 141
218 39
39 218
240 81
81 240
241 125
125 241
179 62
62 179
118 20
20 118
189 41
41 189
276 133
133 276
300 98
98 300
218 110
110 218
206 126
126 206
36 31
31 36
297 172
172 297
212 172
172 212
194 113
113 194
295 282
282 295
246 104
104 246
76 55
55 76
130 100
100 130
292 157
157 292
111 29
29 111
296 259
259 296
223 217
217 223
134 133
133 134
113 69
69 113
248 14
14 248
278 72
72 278
223 70
70 223
255 250
250 255
208 140
140 208
284 4
4 284
255 179
179 255
118 90
90 118
200 108
108 200
296 73
73 296
170 3
3 170
97 35
35 97
244 211
211 244
257 213
213 257
93 76
76 93
215 174
174 215
30 18
18 30
277 61
61 277
196 61
61 196
284 254
254 284
253 77
77 253
109 24
24 109
183 179
179 183
184 87
87 184
137 44
44 137
115 8
8 115
177 28
28 177
208 114
114 208
255 52
52 255
155 9
9 155
168 154
154 168
199 74
74 199
277 55
55 277
282 281
281 282
225 106
106 225
291 73
73 291
289 73
73 289
180 72
72 180
89 20
20 89
87 25
25 87
234 69
69 234
249 163
163 249
278 243
243 278
275 269
269 275
236 71
71 236
124 114
114 124
154 50
50 154
223 103
103 223
139 78
78 139
213 106
106 213
275 98
98 275
214 155
155 214
51 45
45 51
195 157
157 195
165 151
151 165
244 147
147 244
244 173
173 244
235 73
73 235
205 14
14 205
185 118
118 185
282 101
101 282
182 83
83 182
275 105
105 275
275 256
256 275
137 102
102 137
33 9
9 33
291 200
200 291
249 178
178 249
284 23
23 284
133 93
93 133
146 38
38 146
287 246
246 287
298 279
279 298
296 137
137 296
133 42
42 133
287 157
157 287
188 149
149 188
178 16
16 178
288 15
15 288
289 287
287 289
239 60
60 239
258 230
230 258
291 85
85 291
169 88
88 169
203 10
10 203
203 29
29 203
153 102
102 153
237 198
198 237
274 64
64 274
148 95
95 148
207 63
63 207
130 63
63 130
245 47
47 245
172 31
31 172
173 64
64 173
268 108
108 268
82 10
10 82
276 99
99 276
63 20
20 63
120 95
95 120
191 96
96 191
61 42
42 61
225 157
157 225
187 77
77 187
87 51
51 87
216 121
121 216
270 229
229 270
22 13
13 22
227 25
25 227
241 200
200 241
241 149
149 241
184 54
54 184
83 6
6 83
253 59
59 253
95 36
36 95
235 110
110 235
200 87
87 200
142 119
119 142
276 49
49 276
167 61
61 167
226 49
49 226
69 17
17 69
263 58
58 263
187 65
65 187
110 102
102 110
94 62
62 94
196 25
25 196
294 187
187 294
259 182
182 259
155 71
71 155
72 41
41 72
106 8
8 106
283 138
138 283
152 89
89 152
282 34
34 282
231 198
198 231
210 145
145 210
268 177
177 268
92 78
78 92
275 168
168 275
292 247
247 292
284 1
1 284
284 3
3 284
178 170
170 178
144 12
12 144
213 173
173 213
254 55
55 254
270 24
24 270
145 46
46 145
144 48
48 144
272 220
220 272
143 8
8 143
195 113
113 195
209 34
34 209
209 194
194 209
291 103
103 291
131 1
1 131
153 63
63 153
124 70
70 124
181 77
77 181
121 67
67 121
104 3
3 104
263 208
208 263
285 117
117 285
195 166
166 195
169 52
52 169
235 91
91 235
222 182
182 222
262 260
260 262
180 107
107 180
255 22
22 255
219 29
29 219
232 120
120 232
246 63
63 246
219 150
150 219
270 104
104 270
232 75
75 232
210 176
176 210
205 150
150 205
127 107
107 127
242 209
209 242
247 112
112 247
37 13
13 37
184 51
51 184
244 6
6 244
188 152
152 188
162 85
85 162
120 79
79 120
288 72
72 288
291 192
192 291
249 115
115 249
268 7
7 268
202 103
103 202
288 193
193 288
296 161
161 296
93 92
92 93
246 214
214 246
187 121
121 187
278 21
21 278
253 125
125 253
214 203
203 214
282 31
31 282
85 41
41 85
144 47
47 144
172 81
81 172
276 2
2 276
195 54
54 195
291 251
251 291
119 81
81 119
228 100
100 228
184 34
34 184
173 62
62 173
73 4
4 73
163 104
104 163
290 119
119 290
90 10
10 90
135 2
2 135
154 71
71 154
240 133
133 240
186 180
180 186
257 10
10 257
224 208
208 224
279 190
190 279
240 48
48 240
135 73
73 135
158 42
42 158
76 50
50 76
257 35
35 257
234 151
151 234
187 24
24 187
63 4
4 63
272 215
215 272
289 41
41 289
87 47
47 87
155 16
16 155
179 7
7 179
269 156
156 269
132 117
117 132
277 126
126 277
248 166
166 248
261 72
72 261
59 58
58 59
285 60
60 285
258 147
147 258
194 91
91 194
214 108
108 214
159 139
139 159
118 71
71 118
213 79
79 213
99 92
92 99
84 82
82 84
101 49
49 101
96 70
70 96
179 75
75 179
266 80
80 266
247 221
221 247
211 196
196 211
232 77
77 232
256 213
213 256
250 95
95 250
275 229
229 275
218 31
31 218
133 39
39 133
241 218
218 241
285 13
13 285
34 15
15 34
275 20
20 275
171 28
28 171
159 125
125 159
94 60
60 94
297 200
200 297
241 207
207 241
265 118
118 265
67 20
20 67
106 96
96 106
246 169
169 246
194 159
159 194
113 89
89 113
235 20
20 235
133 32
32 133
13 7
7 13
30 1
1 30
35 34
34 35
221 117
117 221
145 74
74 145
183 142
142 183
299 193
193 299
277 72
72 277
87 62
62 87
207 138
138 207
109 84
84 109
168 24
24 168
270 203
203 270
288 31
31 288
293 40
40 293
255 237
237 255
291 110
110 291
181 75
75 181
175 161
161 175
248 179
179 248
274 41
41 274
267 76
76 267
266 119
119 266
144 64
64 144
208 202
202 208
44 6
6 44
269 108
108 269
266 15
15 266
246 199
199 246
196 77
77 196
228 213
213 228
137 20
20 137
114 64
64 114
237 234
234 237
228 69
69 228
89 76
76 89
171 86
86 171
259 104
104 259
250 41
41 250
140 93
93 140
198 48
48 198
132 84
84 132
180 78
78 180
104 42
42 104
290 54
54 290
283 225
225 283
183 44
44 183
286 85
85 286
170 42
42 170
244 22
22 244
199 181
181 199
293 188
188 293
279 126
126 279
222 117
117 222
298 70
70 298
270 255
255 270
178 56
56 178
175 77
77 175
163 4
4 163
206 176
176 206
243 117
117 243
280 77
77 280
299 245
245 299
217 119
119 217
222 38
38 222
155 121
121 155
71 25
25 71
224 182
182 224
110 11
11 110
293 9
9 293
286 149
149 286
260 77
77 260
219 86
86 219
151 95
95 151
217 10
10 217
188 31
31 188
22 6
6 22
137 32
32 137
189 119
119 189
238 45
45 238
71 2
2 71
234 199
199 234
284 148
148 284
296 205
205 296
237 116
116 237
284 74
74 284
229 110
110 229
216 211
211 216
280 79
79 280
96 41
41 96
274 5
5 274
138 96
96 138
137 50
50 137
76 59
59 76
116 84
84 116
172 11
11 172
209 11
11 209
100 74
74 100
261 214
214 261
94 29
29 94
271 255
255 271
196 45
45 196
187 128
128 187
171 127
127 171
253 52
52 253
163 44
44 163
248 162
162 248
158 105
105 158
259 231
231 259
210 87
87 210
182 33
33 182
191 180
180 191
60 48
48 60
167 98
98 167
150 79
79 150
140 124
124 140
250 99
99 250
243 212
212 243
223 168
168 223
276 103
103 276
249 162
162 249
270 28
28 270
183 49
49 183
141 37
37 141
240 154
154 240
248 236
236 248
101 71
71 101
262 162
162 262
296 52
52 296
271 153
153 271
254 235
235 254
275 77
77 275
294 87
87 294
223 142
142 223
96 36
36 96
257 65
65 257
193 125
125 193
224 81
81 224
93 19
19 93
174 3
3 174
133 53
53 133
149 41
41 149
287 12
12 287
143 89
89 143
248 192
192 248
283 71
71 283
267 5
5 267
203 86
86 203
274 213
213 274
222 74
74 222
292 75
75 292
260 41
41 260
173 49
49 173
113 7
7 113
237 167
167 237
65 4
4 65
154 68
68 154
300 227
227 300
218 82
82 218
57 8
8 57
190 79
79 190
246 183
183 246
262 206
206 262
161 43
43 161
292 3
3 292
252 235
235 252
175 90
90 175
240 206
206 240
100 49
49 100
164 20
20 164
237 205
205 237
42 25
25 42
268 96
96 268
274 81
81 274
221 109
109 221
131 66
66 131
267 124
124 267
26 1
1 26
274 169
169 274
300 180
180 300
184 172
172 184
264 171
171 264
280 153
153 280
116 44
44 116
259 30
30 259
188 93
93 188
250 92
92 250
180 93
93 180
169 96
96 169
89 52
52 89
225 38
38 225
242 32
32 242
46 32
32 46
227 60
60 227
298 49
49 298
171 16
16 171
263 7
7 263
218 193
193 218
132 65
65 132
79 36
36 79
154 4
4 154
266 190
190 266
263 136
136 263
292 266
266 292
279 191
191 279
70 48
48 70
161 62
62 161
215 88
88 215
275 173
173 275
172 150
150 172
281 199
199 281
274 65
65 274
246 194
194 246
148 81
81 148
263 9
9 263
196 128
128 196
188 9
9 188
63 44
44 63
204 178
178 204
220 80
80 220
250 221
221 250
126 108
108 126
216 21
21 216
251 202
202 251
256 185
185 256
156 52
52 156
250 235
235 250
245 143
143 245
283 148
148 283
296 28
28 296
297 3
3 297
74 32
32 74
201 171
171 201
296 30
30 296
219 197
197 219
225 46
46 225
267 36
36 267
220 113
113 220
195 60
60 195
129 50
50 129
283 228
228 283
54 41
41 54
241 119
119 241
213 48
48 213
255 213
213 255
268 1
1 268
296 278
278 296
237 37
37 237
193 37
37 193
25 13
13 25
224 67
67 224
237 104
104 237
243 99
99 243
292 146
146 292
101 53
53 101
82 65
65 82
121 116
116 121
297 121
121 297
116 98
98 116
249 85
85 249
136 112
112 136
195 98
98 195
129 27
27 129
185 41
41 185
268 261
261 268
181 121
121 181
48 28
28 48
264 182
182 264
147 112
112 147
98 22
22 98
273 20
20 273
209 72
72 209
298 190
190 298
131 13
13 131
234 147
147 234
245 175
175 245
156 35
35 156
246 1
1 246
195 112
112 195
228 13
13 228
153 80
80 153
168 80
80 168
279 122
122 279
268 214
214 268
295 259
259 295
260 65
65 260
242 69
69 242
230 195
195 230
246 165
165 246
146 47
47 146
297 91
91 297
96 25
25 96
191 186
186 191
158 107
107 158
243 85
85 243
205 59
59 205
296 214
214 296
146 23
23 146
298 47
47 298
232 19
19 232
194 188
188 194
223 89
89 223
188 42
42 188
209 86
86 209
265 28
28 265
26 15
15 26
212 107
107 212
246 9
9 246
164 131
131 164
272 67
67 272
168 53
53 168
160 105
105 160
111 98
98 111
284 97
97 284
253 173
173 253
178 34
34 178
109 29
29 109
279 238
238 279
241 222
222 241
150 37
37 150
97 43
43 97
218 145
145 218
277 243
243 277
280 225
225 280
111 60
60 111
83 24
24 83
108 67
67 108
104 103
103 104
279 134
134 279
133 37
37 133
296 267
267 296
237 186
186 237
131 90
90 131
262 10
10 262
232 146
146 232
295 33
33 295
157 144
144 157
293 8
8 293
165 23
23 165
295 262
262 295
296 159
159 296
171 162
162 171
186 85
85 186
187 172
172 187
243 175
175 243
278 149
149 278
247 85
85 247
254 244
244 254
244 8
8 244
266 183
183 266
254 158
158 254
92 79
79 92
79 52
52 79
215 2
2 215
88 74
74 88
209 92
92 209
105 8
8 105
240 191
191 240
285 77
77 285
175 39
39 175
235 84
84 235
272 149
149 272
221 127
127 221
288 33
33 288
292 191
191 292
255 151
151 255
277 212
212 277
203 199
199 203
187 176
176 187
271 179
179 271
200 168
168 200
182 49
49 182
118 27
27 118
299 171
171 299
203 99
99 203
217 146
146 217
101 31
31 101
172 29
29 172
117 61
61 117
153 117
117 153
200 112
112 200
87 69
69 87
295 193
193 295
240 147
147 240
262 85
85 262
272 112
112 272
219 110
110 219
179 178
178 179
294 75
75 294
114 68
68 114
252 38
38 252
285 183
183 285
260 66
66 260
94 51
51 94
248 204
204 248
104 86
86 104
221 91
91 221
280 196
196 280
25 20
20 25
241 160
160 241
294 129
129 294
287 226
226 287
109 27
27 109
197 71
71 197
123 67
67 123
245 127
127 245
142 123
123 142
271 105
105 271
194 133
133 194
94 67
67 94
211 67
67 211
278 86
86 278
112 59
59 112
211 33
33 211
218 200
200 218
150 34
34 150
115 102
102 115
206 13
13 206
142 110
110 142
238 130
130 238
299 84
84 299
259 65
65 259
174 27
27 174
289 88
88 289
271 155
155 271
240 171
171 240
52 3
3 52
84 9
9 84
167 107
107 167
203 7
7 203
36 32
32 36
192 27
27 192
166 67
67 166
213 113
113 213
98 7
7 98
258 207
207 258
288 70
70 288
197 10
10 197
180 128
128 180
249 138
138 249
179 173
173 179
85 63
63 85
256 101
101 256
290 196
196 290
275 199
199 275
281 202
202 281
273 150
150 273
148 114
114 148
256 176
176 256
135 107
107 135
145 49
49 145
139 135
135 139
156 124
124 156
243 172
172 243
278 152
152 278
189 54
54 189
97 47
47 97
195 138
138 195
145 24
24 145
258 85
85 258
74 47
47 74
220 36
36 220
246 91
91 246
243 206
206 243
106 13
13 106
275 154
154 275
295 72
72 295
195 181
181 195
274 209
209 274
297 151
151 297
273 172
172 273
271 241
241 271
165 38
38 165
143 69
69 143
140 25
25 140
119 75
75 119
162 119
119 162
190 173
173 190
272 42
42 272
276 218
218 276
246 66
66 246
235 114
114 235
200 67
67 200
266 123
123 266
159 157
157 159
199 79
79 199
226 60
60 226
211 149
149 211
216 144
144 216
271 172
172 271
263 211
211 263
271 109
109 271
180 122
122 180
219 19
19 219
34 10
10 34
208 190
190 208
161 92
92 161
170 158
158 170
295 36
36 295
67 11
11 67
19 17
17 19
270 122
122 270
192 76
76 192
100 73
73 100
211 24
24 211
278 203
203 278
269 199
199 269
178 101
101 178
270 73
73 270
246 202
202 246
285 7
7 285
171 148
148 171
207 186
186 207
196 75
75 196
118 21
21 118
279 271
271 279
146 98
98 146
69 38
38 69
298 180
180 298
120 77
77 120
150 29
29 150
182 175
175 182
276 258
258 276
133 88
88 133
267 250
250 267
215 36
36 215
223 24
24 223
261 161
161 261
123 76
76 123
254 136
136 254
239 1
1 239
178 58
58 178
234 102
102 234
232 37
37 232
264 69
69 264
154 110
110 154
186 77
77 186
271 133
133 271
300 79
79 300
206 129
129 206
245 100
100 245
263 159
159 263
240 25
25 240
73 33
33 73
297 176
176 297
250 207
207 250
253 21
21 253
125 124
124 125
275 233
233 275
274 193
193 274
214 169
169 214
176 87
87 176
162 155
155 162
24 11
11 24
118 75
75 118
47 22
22 47
277 63
63 277
278 257
257 278
176 115
115 176
84 49
49 84
126 11
11 126
103 44
44 103
240 180
180 240
274 60
60 274
292 241
241 292
257 106
106 257
235 156
156 235
272 249
249 272
161 94
94 161
224 76
76 224
74 61
61 74
80 50
50 80
268 215
215 268
44 21
21 44
183 127
127 183
80 7
7 80
296 11
11 296
71 42
42 71
184 46
46 184
120 60
60 120
271 9
9 271
230 147
147 230
193 133
133 193
148 128
128 148
118 42
42 118
93 25
25 93
264 108
108 264
213 208
208 213
276 104
104 276
218 206
206 218
243 124
124 243
150 2
2 150
108 69
69 108
140 111
111 140
184 142
142 184
215 147
147 215
190 12
12 190
55 25
25 55
286 82
82 286
267 216
216 267
261 117
117 261
257 169
169 257
252 244
244 252
134 100
100 134
102 71
71 102
183 45
45 183
144 63
63 144
286 213
213 286
63 6
6 63
282 252
252 282
299 165
165 299
254 229
229 254
279 161
161 279
273 230
230 273
288 46
46 288
297 251
251 297
3 2
2 3
241 13
13 241
126 5
5 126
116 47
47 116
116 24
24 116
224 83
83 224
291 242
242 291
237 202
202 237
236 41
41 236
225 200
200 225
136 102
102 136
271 209
209 271
237 206
206 237
240 63
63 240
145 123
123 145
139 61
61 139
276 272
272 276
221 41
41 221
57 19
19 57
207 72
72 207
202 144
144 202
270 68
68 270
240 185
185 240
249 220
220 249
230 89
89 230
37 24
24 37
293 121
121 293
238 21
21 238
225 27
27 225
223 220
220 223
290 207
207 290
170 130
130 170
83 69
69 83
166 14
14 166
223 32
32 223
99 57
57 99
117 2
2 117
239 90
90 239
170 100
100 170
171 47
47 171
107 49
49 107
289 247
247 289
282 213
213 282
299 98
98 299
289 198
198 289
220 68
68 220
221 212
212 221
40 32
32 40
96 92
92 96
167 28
28 167
290 218
218 290
109 108
108 109
119 7
7 119
200 125
125 200
257 225
225 257
246 234
234 246
234 183
183 234
298 183
183 298
276 35
35 276
191 97
97 191
216 86
86 216
284 138
138 284
285 168
168 285
205 29
29 205
281 124
124 281
162 148
148 162
265 135
135 265
287 45
45 287
111 88
88 111
187 146
146 187
110 57
57 110
259 116
116 259
236 4
4 236
101 20
20 101
174 28
28 174
182 120
120 182
169 35
35 169
114 47
47 114
136 115
115 136
254 80
80 254
41 11
11 41
223 203
203 223
283 261
261 283
272 33
33 272
296 124
124 296
164 142
142 164
172 61
61 172
130 14
14 130
73 16
16 73
257 186
186 257
267 75
75 267
174 67
67 174
207 104
104 207
89 29
29 89
284 131
131 284
239 6
6 239
252 125
125 252
172 20
20 172
240 72
72 240
116 5
5 116
158 29
29 158
289 3
3 289
194 80
80 194
269 17
17 269
231 79
79 231
267 45
45 267
245 116
116 245
260 222
222 260
248 119
119 248
147 80
80 147
238 132
132 238
57 1
1 57
115 78
78 115
290 265
265 290
197 134
134 197
203 178
178 203
66 23
23 66
178 73
73 178
261 102
102 261
229 193
193 229
93 50
50 93
201 15
15 201
280 50
50 280
166 49
49 166
275 161
161 275
293 271
271 293
293 217
217 293
286 230
230 286
252 130
130 252
196 111
111 196
197 178
178 197
294 10
10 294
208 110
110 208
234 210
210 234
186 138
138 186
176 32
32 176
234 152
152 234
122 57
57 122
134 126
126 134
154 18
18 154
201 80
80 201
107 76
76 107
129 4
4 129
193 60
60 193
279 186
186 279
140 23
23 140
128 56
56 128
277 169
169 277
233 124
124 233
213 16
16 213
218 21
21 218
262 53
53 262
187 136
136 187
196 95
95 196
247 126
126 247
21 17
17 21
258 74
74 258
51 33
33 51
100 96
96 100
172 94
94 172
239 20
20 239
155 99
99 155
241 203
203 241
223 109
109 223
270 113
113 270
67 66
66 67
237 204
204 237
226 186
186 226
295 77
77 295
247 98
98 247
199 187
187 199
143 80
80 143
124 63
63 124
129 74
74 129
154 117
117 154
272 199
199 272
295 247
247 295
234 107
107 234
256 110
110 256
175 71
71 175
272 130
130 272
217 106
106 217
81 12
12 81
183 107
107 183
215 51
51 215
281 58
58 281
207 141
141 207
116 12
12 116
161 158
158 161
229 32
32 229
152 28
28 152
120 43
43 120
156 23
23 156
123 33
33 123
224 211
211 224
201 81
81 201
150 5
5 150
264 99
99 264
286 152
152 286
300 247
247 300
294 102
102 294
77 3
3 77
236 212
212 236
196 188
188 196
29 13
13 29
154 59
59 154
165 163
163 165
198 87
87 198
194 12
12 194
43 22
22 43
275 132
132 275
212 63
63 212
150 19
19 150
252 98
98 252
165 103
103 165
282 82
82 282
131 15
15 131
124 6
6 124
150 52
52 150
298 228
228 298
125 49
49 125
199 110
110 199
292 253
253 292
163 36
36 163
266 46
46 266
126 123
123 126
123 44
44 123
151 40
40 151
103 60
60 103
276 178
178 276
280 136
136 280
145 80
80 145
252 204
204 252
115 55
55 115
63 33
33 63
213 22
22 213
112 57
57 112
182 93
93 182
229 225
225 229
252 222
222 252
97 31
31 97
90 79
79 90
193 166
166 193
196 115
115 196
282 179
179 282
208 72
72 208
300 192
192 300
209 130
130 209
279 12
12 279
287 47
47 287
300 65
65 300
102 6
6 102
139 10
10 139
150 83
83 150
208 163
163 208
61 30
30 61
95 43
43 95
177 15
15 177
293 119
119 293
244 28
28 244
260 95
95 260
74 21
21 74
259 24
24 259
183 78
78 183
111 59
59 111
50 43
43 50
261 15
15 261
237 119
119 237
211 192
192 211
156 130
130 156
294 125
125 294
276 79
79 276
185 135
135 185
266 47
47 266
202 99
99 202
134 125
125 134
101 16
16 101
276 167
167 276
111 33
33 111
110 33
33 110
210 62
62 210
293 117
117 293
259 40
40 259
281 259
259 281
200 37
37 200
272 183
183 272
107 39
39 107
150 8
8 150
163 136
136 163
223 55
55 223
245 96
96 245
76 75
75 76
139 32
32 139
74 8
8 74
227 213
213 227
244 161
161 244
231 27
27 231
211 52
52 211
52 22
22 52
265 56
56 265
281 146
146 281
109 88
88 109
280 133
133 280
210 79
79 210
280 210
210 280
263 253
253 263
203 133
133 203
219 58
58 219
36 33
33 36
157 113
113 157
105 71
71 105
203 50
50 203
152 20
20 152
272 226
226 272
299 211
211 299
149 27
27 149
260 232
232 260
258 202
202 258
267 23
23 267
274 255
255 274
280 267
267 280
27 16
16 27
96 42
42 96
289 48
48 289
97 18
18 97
123 5
5 123
157 67
67 157
254 242
242 254
257 200
200 257
260 179
179 260
78 8
8 78
89 23
23 89
218 125
125 218
264 95
95 264
263 139
139 263
189 169
169 189
158 63
63 158
132 114
114 132
289 9
9 289
45 12
12 45
293 232
232 293
292 173
173 292
249 45
45 249
223 37
37 223
272 247
247 272
299 59
59 299
249 215
215 249
274 30
30 274
154 1
1 154
99 51
51 99
108 40
40 108
219 154
154 219
286 212
212 286
134 103
103 134
254 34
34 254
174 21
21 174
287 131
131 287
89 74
74 89
278 267
267 278
110 89
89 110
208 127
127 208
169 5
5 169
157 38
38 157
169 14
14 169
184 176
176 184
286 215
215 286
265 227
227 265
292 288
288 292
293 109
109 293
238 153
153 238
102 25
25 102
242 104
104 242
138 100
100 138
161 28
28 161
262 256
256 262
207 125
125 207
83 79
79 83
297 113
113 297
56 45
45 56
16 12
12 16
59 16
16 59
160 64
64 160
201 151
151 201
262 182
182 262
211 57
57 211
92 21
21 92
196 100
100 196
232 219
219 232
41 3
3 41
223 11
11 223
259 86
86 259
207 59
59 207
230 156
156 230
282 21
21 282
194 145
145 194
297 20
20 297
220 108
108 220
221 86
86 221
292 53
53 292
239 18
18 239
270 191
191 270
165 55
55 165
145 88
88 145
267 207
207 267
242 119
119 242
239 171
171 239
209 167
167 209
280 98
98 280
283 154
154 283
200 7
7 200
184 90
90 184
234 159
159 234
271 229
229 271
223 189
189 223
75 6
6 75
250 129
129 250
286 256
256 286
288 30
30 288
190 78
78 190
62 12
12 62
176 52
52 176
169 76
76 169
208 42
42 208
179 101
101 179
161 87
87 161
290 260
260 290
38 4
4 38
256 158
158 256
267 262
262 267
189 94
94 189
40 31
31 40
173 119
119 173
149 34
34 149
293 246
246 293
257 238
238 257
169 73
73 169
181 141
141 181
216 36
36 216
238 105
105 238
159 88
88 159
187 162
162 187
132 13
13 132
161 122
122 161
276 127
127 276
262 55
55 262
188 39
39 188
235 54
54 235
118 3
3 118
123 53
53 123
161 3
3 161
127 3
3 127
99 68
68 99
94 13
13 94
292 285
285 292
140 68
68 140
68 58
58 68
237 164
164 237
167 51
51 167
174 97
97 174
245 44
44 245
299 62
62 299
237 120
120 237
134 65
65 134
277 239
239 277
196 92
92 196
265 185
185 265
147 102
102 147
70 52
52 70
204 153
153 204
279 21
21 279
224 21
21 224
223 83
83 223
80 3
3 80
208 167
167 208
255 124
124 255
154 98
98 154
154 62
62 154
271 93
93 271
180 148
148 180
185 44
44 185
273 232
232 273
202 123
123 202
81 72
72 81
135 9
9 135
244 128
128 244
152 140
140 152
113 103
103 113
287 185
185 287
268 200
200 268
294 40
40 294
251 188
188 251
283 145
145 283
257 56
56 257
143 101
101 143
252 94
94 252
135 4
4 135
140 92
92 140
210 181
181 210
194 140
140 194
228 158
158 228
101 64
64 101
203 100
100 203
244 127
127 244
200 116
116 200
197 123
123 197
175 140
140 175
192 145
145 192
220 35
35 220
221 150
150 221
132 78
78 132
232 88
88 232
223 25
25 223
238 6
6 238
262 227
227 262
118 99
99 118
288 36
36 288
102 78
78 102
232 154
154 232
249 188
188 249
288 104
104 288
163 139
139 163
183 97
97 183
216 93
93 216
292 60
60 292
287 140
140 287
223 104
104 223
75 41
41 75
204 36
36 204
220 199
199 220
226 180
180 226
159 108
108 159
215 25
25 215
208 170
170 208
300 267
267 300
86 46
46 86
143 72
72 143
241 89
89 241
202 12
12 202
286 4
4 286
286 34
34 286
235 152
152 235
246 185
185 246
184 48
48 184
276 158
158 276
231 1
1 231
279 39
39 279
239 147
147 239
160 117
117 160
273 265
265 273
293 89
89 293
260 181
181 260
298 171
171 298
222 112
112 222
184 147
147 184
286 147
147 286
286 89
89 286
172 79
79 172
242 138
138 242
280 23
23 280
234 166
166 234
300 15
15 300
191 79
79 191
256 168
168 256
255 242
242 255
180 135
135 180
299 278
278 299
152 118
118 152
278 201
201 278
192 54
54 192
166 143
143 166
274 93
93 274
298 137
137 298
201 125
125 201
266 214
214 266
173 52
52 173
196 154
154 196
143 34
34 143
116 109
109 116
249 133
133 249
295 114
114 295
277 276
276 277
102 53
53 102
179 142
142 179
132 119
119 132
217 107
107 217
245 58
58 245
157 152
152 157
197 74
74 197
282 59
59 282
43 20
20 43
184 174
174 184
265 162
162 265
248 245
245 248
266 160
160 266
154 15
15 154
280 123
123 280
270 47
47 270
229 71
71 229
150 42
42 150
139 11
11 139
248 76
76 248
67 59
59 67
186 153
153 186
190 72
72 190
189 68
68 189
232 47
47 232
215 181
181 215
231 41
41 231
300 147
147 300
191 91
91 191
168 39
39 168
256 192
192 256
286 160
160 286
252 146
146 252
231 190
190 231
189 35
35 189
176 28
28 176
231 226
226 231
183 157
157 183
207 74
74 207
202 57
57 202
243 164
164 243
138 35
35 138
281 192
192 281
86 76
76 86
89 84
84 89
229 17
17 229
212 40
40 212
119 57
57 119
266 172
172 266
284 6
6 284
172 111
111 172
79 14
14 79
142 90
90 142
139 76
76 139
124 62
62 124
78 62
62 78
284 180
180 284
209 98
98 209
108 13
13 108
249 80
80 249
242 81
81 242
210 148
148 210
236 84
84 236
160 29
29 160
272 135
135 272
246 164
164 246
287 99
99 287
237 197
197 237
86 54
54 86
293 60
60 293
109 90
90 109
176 104
104 176
234 73
73 234
288 145
145 288
220 126
126 220
258 76
76 258
155 51
51 155
215 194
194 215
181 14
14 181
285 28
28 285
125 70
70 125
125 105
105 125
268 187
187 268
95 33
33 95
254 180
180 254
158 35
35 158
193 132
132 193
140 116
116 140
196 158
158 196
105 10
10 105
156 155
155 156
266 164
164 266
276 203
203 276
150 88
88 150
250 192
192 250
292 169
169 292
231 40
40 231
220 5
5 220
76 25
25 76
190 70
70 190
249 62
62 249
132 104
104 132
101 60
60 101
149 75
75 149
81 27
27 81
287 63
63 287
98 75
75 98
208 5
5 208
110 56
56 110
167 53
53 167
172 78
78 172
166 140
140 166
180 5
5 180
197 70
70 197
300 47
47 300
209 146
146 209
124 13
13 124
277 273
273 277
138 64
64 138
249 228
228 249
115 80
80 115
246 126
126 246
287 267
267 287
193 82
82 193
163 5
5 163
249 247
247 249
110 76
76 110
272 129
129 272
295 23
23 295
198 44
44 198
278 185
185 278
224 196
196 224
295 275
275 295
292 10
10 292
205 184
184 205
277 6
6 277
289 99
99 289
214 95
95 214
210 199
199 210
194 65
65 194
292 216
216 292
248 177
177 248
143 102
102 143
208 37
37 208
132 22
22 132
224 198
198 224
294 158
158 294
157 73
73 157
187 129
129 187
267 241
241 267
101 25
25 101
198 125
125 198
266 73
73 266
158 11
11 158
134 73
73 134
257 149
149 257
90 32
32 90
228 58
58 228
177 155
155 177
255 59
59 255
190 184
184 190
278 119
119 278
208 128
128 208
243 153
153 243
217 4
4 217
22 5
5 22
235 26
26 235
235 50
50 235
139 96
96 139
190 98
98 190
282 134
134 282
113 32
32 113
135 11
11 135
289 176
176 289
232 25
25 232
123 48
48 123
245 45
45 245
233 53
53 233
87 5
5 87
222 158
158 222
28 9
9 28
159 17
17 159
187 56
56 187
258 30
30 258
287 134
134 287
300 17
17 300
90 40
40 90
215 132
132 215
299 150
150 299
270 38
38 270
284 179
179 284
263 196
196 263
156 61
61 156
203 122
122 203
298 185
185 298
80 43
43 80
280 191
191 280
259 78
78 259
265 158
158 265
110 67
67 110
223 64
64 223
274 194
194 274
72 71
71 72
189 56
56 189
261 259
259 261
204 114
114 204
287 23
23 287
163 120
120 163
163 106
106 163
144 130
130 144
33 13
13 33
103 70
70 103
274 239
239 274
228 127
127 228
64 21
21 64
251 170
170 251
293 143
143 293
52 20
20 52
106 65
65 106
249 53
53 249
246 198
198 246
262 15
15 262
202 145
145 202
139 97
97 139
149 3
3 149
198 30
30 198
183 52
52 183
141 91
91 141
173 78
78 173
226 40
40 226
279 1
1 279
297 276
276 297
300 24
24 300
138 87
87 138
294 74
74 294
295 265
265 295
248 169
169 248
62 22
22 62
296 87
87 296
123 58
58 123
250 133
133 250
194 130
130 194
243 79
79 243
199 122
122 199
182 55
55 182
194 152
152 194
215 16
16 215
290 133
133 290
172 107
107 172
27 19
19 27
285 137
137 285
239 165
165 239
77 37
37 77
300 74
74 300
168 102
102 168
186 147
147 186
294 274
274 294
247 224
224 247
269 1
1 269
244 121
121 244
256 26
26 256
146 62
62 146
269 125
125 269
143 107
107 143
170 15
15 170
283 47
47 283
242 147
147 242
286 248
248 286
274 195
195 274
164 120
120 164
192 2
2 192
264 162
162 264
224 123
123 224
51 41
41 51
300 243
243 300
111 92
92 111
162 37
37 162
237 201
201 237
246 157
157 246
270 235
235 270
293 133
133 293
184 125
125 184
296 175
175 296
207 154
154 207
98 51
51 98
190 17
17 190
247 232
232 247
285 16
16 285
91 2
2 91
249 147
147 249
171 142
142 171
110 86
86 110
125 68
68 125
236 57
57 236
55 44
44 55
236 81
81 236
228 165
165 228
274 11
11 274
242 204
204 242
118 116
116 118
248 90
90 248
10 6
6 10
142 113
113 142
277 248
248 277
295 79
79 295
94 22
22 94
194 148
148 194
238 112
112 238
298 139
139 298
222 56
56 222
291 109
109 291
266 120
120 266
164 90
90 164
276 186
186 276
246 156
156 246
204 103
103 204
278 84
84 278
290 159
159 290
114 94
94 114
249 101
101 249
196 94
94 196
280 228
228 280
283 197
197 283
222 9
9 222
238 34
34 238
122 101
101 122
107 56
56 107
208 201
201 208
283 194
194 283
246 37
37 246
267 200
200 267
228 2
2 228
154 3
3 154
183 120
120 183
200 52
52 200
243 41
41 243
88 32
32 88
280 246
246 280
134 83
83 134
200 44
44 200
265 226
226 265
299 195
195 299
181 3
3 181
53 20
20 53
120 75
75 120
172 95
95 172
295 223
223 295
192 157
157 192
284 216
216 284
232 226
226 232
147 43
43 147
286 140
140 286
185 144
144 185
119 28
28 119
248 79
79 248
290 138
138 290
208 32
32 208
137 36
36 137
215 137
137 215
179 63
63 179
131 99
99 131
151 54
54 151
69 6
6 69
260 234
234 260
175 15
15 175
274 133
133 274
252 115
115 252
248 205
205 248
204 198
198 204
110 49
49 110
262 149
149 262
175 119
119 175
200 152
152 200
148 127
127 148
167 45
45 167
127 76
76 127
212 45
45 212
239 107
107 239
243 188
188 243
163 25
25 163
296 136
136 296
299 148
148 299
226 188
188 226
83 26
26 83
227 121
121 227
216 3
3 216
253 252
252 253
228 26
26 228
191 40
40 191
178 152
152 178
153 35
35 153
148 15
15 148
109 12
12 109
203 28
28 203
299 1
1 299
114 40
40 114
269 159
159 269
206 43
43 206
264 49
49 264
242 107
107 242
231 100
100 231
274 241
241 274
174 54
54 174
157 46
46 157
145 59
59 145
98 64
64 98
61 28
28 61
80 54
54 80
287 151
151 287
90 48
48 90
258 42
42 258
150 11
11 150
136 134
134 136
278 28
28 278
194 177
177 194
186 171
171 186
133 9
9 133
232 213
213 232
294 27
27 294
188 114
114 188
175 131
131 175
270 199
199 270
261 248
248 261
229 128
128 229
22 7
7 22
300 94
94 300
202 68
68 202
96 18
18 96
196 39
39 196
153 3
3 153
233 162
162 233
294 247
247 294
283 220
220 283
300 135
135 300
159 128
128 159
163 79
79 163
266 101
101 266
176 66
66 176
239 88
88 239
298 288
288 298
90 6
6 90
54 38
38 54
286 236
236 286
290 287
287 290
227 22
22 227
182 143
143 182
187 131
131 187
108 97
97 108
67 43
43 67
215 99
99 215
53 50
50 53
300 255
255 300
46 18
18 46
125 115
115 125
126 19
19 126
208 95
95 208
232 23
23 232
296 206
206 296
96 62
62 96
149 136
136 149
248 183
183 248
241 219
219 241
176 145
145 176
285 63
63 285
149 5
5 149
209 14
14 209
257 154
154 257
120 29
29 120
219 199
199 219
192 167
167 192
229 103
103 229
195 90
90 195
137 100
100 137
240 110
110 240
272 243
243 272
133 8
8 133
136 81
81 136
234 103
103 234
104 38
38 104
255 209
209 255
225 22
22 225
65 19
19 65
255 146
146 255
258 125
125 258
212 93
93 212
298 54
54 298
107 66
66 107
190 181
181 190
152 150
150 152
70 66
66 70
240 18
18 240
275 213
213 275
234 68
68 234
63 47
47 63
255 229
229 255
76 18
18 76
294 203
203 294
200 143
143 200
222 159
159 222
227 134
134 227
285 216
216 285
285 122
122 285
256 43
43 256
283 237
237 283
152 148
148 152
174 168
168 174
248 73
73 248
259 4
4 259
74 13
13 74
174 40
40 174
146 120
120 146
227 2
2 227
60 52
52 60
258 182
182 258
203 80
80 203
228 70
70 228
205 141
141 205
164 100
100 164
121 97
97 121
274 180
180 274
218 90
90 218
189 134
134 189
253 50
50 253
275 4
4 275
289 227
227 289
164 22
22 164
275 25
25 275
244 213
213 244
187 52
52 187
209 69
69 209
200 178
178 200
200 78
78 200
275 95
95 275
284 243
243 284
93 71
71 93
197 42
42 197
140 7
7 140
154 5
5 154
266 65
65 266
136 124
124 136
157 23
23 157
283 1
1 283
255 149
149 255
131 87
87 131
115 28
28 115
295 17
17 295
174 46
46 174
283 62
62 283
217 195
195 217
121 37
37 121
265 20
20 265
142 43
43 142
106 82
82 106
193 21
21 193
283 155
155 283
166 23
23 166
90 59
59 90
266 84
84 266
244 16
16 244
189 183
183 189
233 10
10 233
211 71
71 211
284 273
273 284
169 77
77 169
205 41
41 205
279 28
28 279
165 84
84 165
196 112
112 196
228 98
98 228
110 17
17 110
205 85
85 205
299 269
269 299
280 145
145 280
297 213
213 297
291 187
187 291
78 49
49 78
128 119
119 128
280 51
51 280
98 32
32 98
69 45
45 69
196 40
40 196
233 149
149 233
251 116
116 251
95 73
73 95
201 105
105 201
279 208
208 279
142 28
28 142
238 50
50 238
235 57
57 235
151 131
131 151
113 26
26 113
169 63
63 169
192 17
17 192
160 31
31 160
169 97
97 169
162 52
52 162
79 40
40 79
111 40
40 111
125 4
4 125
229 168
168 229
292 123
123 292
183 125
125 183
226 155
155 226
188 4
4 188
281 90
90 281
283 232
232 283
12 6
6 12
177 45
45 177
44 7
7 44
218 33
33 218
119 92
92 119
104 69
69 104
210 104
104 210
67 13
13 67
153 45
45 153
220 132
132 220
272 14
14 272
115 99
99 115
126 15
15 126
35 17
17 35
226 191
191 226
275 53
53 275
176 136
136 176
265 230
230 265
237 188
188 237
291 84
84 291
277 229
229 277
205 100
100 205
146 51
51 146
51 34
34 51
146 79
79 146
190 116
116 190
94 54
54 94
268 95
95 268
96 34
34 96
263 261
261 263
243 48
48 243
291 163
163 291
225 164
164 225
237 127
127 237
148 5
5 148
289 124
124 289
122 47
47 122
159 61
61 159
189 77
77 189
93 75
75 93
100 91
91 100
282 161
161 282
109 21
21 109
161 63
63 161
240 20
20 240
55 24
24 55
253 236
236 253
216 63
63 216
273 199
199 273
283 80
80 283
291 250
250 291
218 25
25 218
206 22
22 206
276 130
130 276
254 198
198 254
253 245
245 253
213 30
30 213
249 21
21 249
159 62
62 159
219 186
186 219
208 69
69 208
252 167
167 252
153 38
38 153
256 86
86 256
184 157
157 184
146 60
60 146
223 165
165 223
240 55
55 240
176 129
129 176
234 197
197 234
241 86
86 241
202 53
53 202
234 133
133 234
278 189
189 278
257 195
195 257
79 55
55 79
233 54
54 233
255 80
80 255
78 9
9 78
289 187
187 289
182 85
85 182
298 250
250 298
222 94
94 222
224 84
84 224
255 160
160 255
220 8
8 220
30 11
11 30
120 41
41 120
264 89
89 264
270 246
246 270
227 91
91 227
154 37
37 154
193 78
78 193
281 123
123 281
277 35
35 277
260 191
191 260
244 222
222 244
195 170
170 195
286 32
32 286
102 42
42 102
288 121
121 288
207 168
168 207
251 231
231 251
291 223
223 291
204 32
32 204
199 76
76 199
265 66
66 265
183 177
177 183
282 271
271 282
110 61
61 110
189 165
165 189
179 33
33 179
263 69
69 263
117 21
21 117
214 187
187 214
125 69
69 125
261 91
91 261
146 100
100 146
226 68
68 226
124 11
11 124
72 12
12 72
265 260
260 265
190 107
107 190
121 110
110 121
199 82
82 199
226 57
57 226
206 3
3 206
160 16
16 160
194 187
187 194
168 147
147 168
172 129
129 172
241 25
25 241
136 71
71 136
281 126
126 281
104 29
29 104
163 162
162 163
148 103
103 148
293 67
67 293
214 51
51 214
222 22
22 222
116 76
76 116
122 67
67 122
296 97
97 296
245 135
135 245
278 205
205 278
243 107
107 243
164 163
163 164
156 31
31 156
278 128
128 278
250 51
51 250
214 52
52 214
253 194
194 253
295 41
41 295
101 21
21 101
269 243
243 269
76 42
42 76
181 169
169 181
255 40
40 255
292 94
94 292
230 125
125 230
217 37
37 217
191 1
1 191
148 92
92 148
178 109
109 178
57 21
21 57
100 55
55 100
218 128
128 218
25 17
17 25
137 57
57 137
125 17
17 125
244 126
126 244
227 220
220 227
277 140
140 277
224 107
107 224
232 94
94 232
290 224
224 290
105 32
32 105
290 85
85 290
257 3
3 257
118 43
43 118
232 32
32 232
285 21
21 285
290 126
126 290
264 148
148 264
110 4
4 110
261 206
206 261
224 71
71 224
261 249
249 261
269 220
220 269
161 10
10 161
198 94
94 198
116 102
102 116
115 46
46 115
242 68
68 242
273 222
222 273
193 29
29 193
225 206
206 225
281 272
272 281
243 98
98 243
260 137
137 260
226 164
164 226
238 28
28 238
152 6
6 152
127 90
90 127
82 6
6 82
144 57
57 144
232 175
175 232
173 31
31 173
249 48
48 249
143 1
1 143
297 207
207 297
278 213
213 278
124 100
100 124
220 82
82 220
120 34
34 120
246 72
72 246
250 81
81 250
167 72
72 167
35 33
33 35
296 92
92 296
198 195
195 198
227 124
124 227
118 13
13 118
263 126
126 263
67 16
16 67
285 204
204 285
170 59
59 170
297 259
259 297
79 20
20 79
146 132
132 146
271 121
121 271
258 162
162 258
24 18
18 24
88 82
82 88
138 60
60 138
197 176
176 197
273 166
166 273
205 146
146 205
186 87
87 186
108 55
55 108
144 54
54 144
209 179
179 209
282 74
74 282
227 162
162 227
209 82
82 209
234 32
32 234
211 187
187 211
263 47
47 263
158 118
118 158
129 79
79 129
109 96
96 109
266 49
49 266
138 111
111 138
251 19
19 251
270 223
223 270
293 146
146 293
285 254
254 285
129 30
30 129
51 49
49 51
141 98
98 141
172 114
114 172
297 201
201 297
132 85
85 132
239 143
143 239
144 72
72 144
243 97
97 243
283 67
67 283
299 219
219 299
78 36
36 78
243 234
234 243
194 21
21 194
159 126
126 159
192 144
144 192
244 231
231 244
203 153
153 203
152 79
79 152
235 62
62 235
257 156
156 257
165 2
2 165
165 86
86 165
185 49
49 185
262 196
196 262
244 151
151 244
135 129
129 135
96 10
10 96
262 259
259 262
205 6
6 205
298 233
233 298
257 135
135 257
209 195
195 209
173 60
60 173
177 130
130 177
162 10
10 162
256 229
229 256
237 3
3 237
137 42
42 137
177 64
64 177
266 161
161 266
217 97
97 217
250 156
156 250
37 20
20 37
270 201
201 270
256 29
29 256
263 209
209 263
121 58
58 121
233 219
219 233
152 43
43 152
155 48
48 155
224 26
26 224
217 127
127 217
257 141
141 257
176 20
20 176
163 132
132 163
200 66
66 200
136 106
106 136
260 3
3 260
73 52
52 73
64 22
22 64
275 182
182 275
234 136
136 234
221 55
55 221
272 60
60 272
90 71
71 90
80 42
42 80
95 57
57 95
108 75
75 108
209 19
19 209
239 27
27 239
252 106
106 252
128 71
71 128
178 143
143 178
208 186
186 208
175 70
70 175
127 52
52 127
255 248
248 255
18 14
14 18
214 17
17 214
188 43
43 188
220 92
92 220
121 78
78 121
248 70
70 248
188 69
69 188
175 112
112 175
202 115
115 202
126 17
17 126
223 179
179 223
187 16
16 187
300 275
275 300
165 54
54 165
281 157
157 281
159 96
96 159
151 98
98 151
172 163
163 172
282 202
202 282
221 82
82 221
236 96
96 236
120 4
4 120
298 192
192 298
300 42
42 300
225 130
130 225
114 7
7 114
190 55
55 190
222 42
42 222
300 230
230 300
195 12
12 195
210 4
4 210
201 35
35 201
269 71
71 269
161 71
71 161
258 90
90 258
233 196
196 233
123 80
80 123
223 92
92 223
184 94
94 184
56 18
18 56
45 18
18 45
248 198
198 248
250 143
143 250
263 169
169 263
83 43
43 83
298 113
113 298
298 132
132 298
98 10
10 98
267 229
229 267
52 49
49 52
244 83
83 244
140 34
34 140
279 91
91 279
135 77
77 135
124 1
1 124
291 51
51 291
275 215
215 275
21 10
10 21
258 114
114 258
199 71
71 199
277 161
161 277
271 160
160 271
122 117
117 122
168 82
82 168
244 208
208 244
291 179
179 291
176 106
106 176
72 20
20 72
126 116
116 126
151 78
78 151
298 159
159 298
282 42
42 282
47 18
18 47
291 263
263 291
127 111
111 127
289 23
23 289
220 179
179 220
107 9
9 107
174 98
98 174
201 133
133 201
269 33
33 269
234 216
216 234
240 232
232 240
239 68
68 239
240 124
124 240
255 76
76 255
200 122
122 200
232 204
204 232
266 50
50 266
271 267
267 271
139 108
108 139
265 215
215 265
293 170
170 293
195 31
31 195
146 30
30 146
216 139
139 216
172 137
137 172
214 66
66 214
256 99
99 256
235 44
44 235
152 83
83 152
197 43
43 197
290 286
286 290
123 17
17 123
279 60
60 279
68 17
17 68
269 268
268 269
215 26
26 215
150 84
84 150
288 186
186 288
285 46
46 285
205 110
110 205
284 206
206 284
61 58
58 61
200 97
97 200
265 220
220 265
218 18
18 218
244 175
175 244
236 67
67 236
73 66
66 73
273 207
207 273
125 114
114 125
197 66
66 197
185 98
98 185
241 100
100 241
60 47
47 60
202 17
17 202
259 77
77 259
196 69
69 196
254 28
28 254
218 66
66 218
275 273
273 275
241 53
53 241
222 96
96 222
292 110
110 292
207 109
109 207
238 129
129 238
281 26
26 281
254 162
162 254
268 91
91 268
224 103
103 224
234 194
194 234
298 46
46 298
270 59
59 270
86 71
71 86
236 137
137 236
42 34
34 42
66 64
64 66
150 36
36 150
294 252
252 294
143 55
55 143
152 74
74 152
102 95
95 102
27 15
15 27
47 40
40 47
149 74
74 149
193 131
131 193
66 7
7 66
184 168
168 184
229 214
214 229
92 9
9 92
210 59
59 210
103 36
36 103
250 165
165 250
300 96
96 300
297 93
93 297
276 171
171 276
153 39
39 153
149 119
119 149
92 39
39 92
144 101
101 144
19 14
14 19
251 36
36 251
79 28
28 79
183 110
110 183
273 224
224 273
151 61
61 151
119 105
105 119
240 205
205 240
223 143
143 223
178 39
39 178
93 43
43 93
223 59
59 223
249 213
213 249
188 132
132 188
297 243
243 297
273 252
252 273
280 16
16 280
259 105
105 259
237 126
126 237
155 56
56 155
106 86
86 106
288 191
191 288
25 8
8 25
197 30
30 197
266 206
206 266
224 171
171 224
225 119
119 225
272 18
18 272
151 117
117 151
210 27
27 210
241 97
97 241
186 25
25 186
195 56
56 195
272 264
264 272
124 38
38 124
241 63
63 241
182 153
153 182
227 122
122 227
163 135
135 163
162 157
157 162
244 11
11 244
151 34
34 151
279 158
158 279
295 61
61 295
105 61
61 105
281 171
171 281
228 90
90 228
220 135
135 220
227 166
166 227
194 179
179 194
127 16
16 127
292 166
166 292
288 232
232 288
210 111
111 210
255 176
176 255
292 262
262 292
222 150
150 222
290 134
134 290
289 167
167 289
179 127
127 179
228 72
72 228
229 67
67 229
115 23
23 115
299 203
203 299
161 155
155 161
241 8
8 241
187 44
44 187
288 28
28 288
170 152
152 170
291 175
175 291
116 67
67 116
288 183
183 288
259 45
45 259
201 83
83 201
117 74
74 117
44 41
41 44
81 6
6 81
256 98
98 256
280 17
17 280
179 122
122 179
171 153
153 171
175 33
33 175
158 26
26 158
222 186
186 222
201 7
7 201
85 5
5 85
229 157
157 229
222 10
10 222
177 166
166 177
114 62
62 114
280 245
245 280
258 88
88 258
185 69
69 185
159 89
89 159
170 40
40 170
235 133
133 235
130 95
95 130
300 174
174 300
178 135
135 178
175 68
68 175
65 31
31 65
156 5
5 156
221 190
190 221
295 251
251 295
177 153
153 177
230 190
190 230
210 5
5 210
271 116
116 271
220 7
7 220
295 197
197 295
98 63
63 98
46 27
27 46
226 82
82 226
283 282
282 283
287 16
16 287
211 160
160 211
245 192
192 245
211 120
120 211
103 19
19 103
248 42
42 248
163 9
9 163
151 94
94 151
280 230
230 280
255 159
159 255
293 261
261 293
228 128
128 228
122 25
25 122
235 144
144 235
220 91
91 220
202 129
129 202
299 189
189 299
201 103
103 201
106 11
11 106
283 234
234 283
256 89
89 256
218 155
155 218
175 154
154 175
202 146
146 202
271 264
264 271
297 153
153 297
279 251
251 279
224 68
68 224
207 85
85 207
74 6
6 74
300 235
235 300
81 76
76 81
249 97
97 249
291 151
151 291
299 186
186 299
217 58
58 217
270 266
266 270
293 181
181 293
296 26
26 296
34 26
26 34
278 94
94 278
232 116
116 232
112 8
8 112
233 199
199 233
196 159
159 196
257 55
55 257
231 96
96 231
249 125
125 249
212 171
171 212
243 239
239 243
97 75
75 97
165 139
139 165
135 31
31 135
143 63
63 143
160 98
98 160
139 54
54 139
219 51
51 219
148 71
71 148
180 164
164 180
85 19
19 85
116 112
112 116
256 181
181 256
288 138
138 288
226 222
222 226
283 241
241 283
211 16
16 211
126 8
8 126
144 13
13 144
165 15
15 165
255 127
127 255
111 103
103 111
152 130
130 152
236 205
205 236
253 212
212 253
54 1
1 54
165 79
79 165
291 204
204 291
175 19
19 175
235 78
78 235
203 142
142 203
244 10
10 244
256 17
17 256
30 7
7 30
197 146
146 197
188 98
98 188
239 174
174 239
274 244
244 274
199 50
50 199
215 27
27 215
108 80
80 108
167 69
69 167
123 86
86 123
107 16
16 107
283 106
106 283
294 126
126 294
111 3
3 111
254 112
112 254
34 1
1 34
59 11
11 59
138 46
46 138
150 46
46 150
138 72
72 138
261 115
115 261
235 21
21 235
117 75
75 117
154 28
28 154
138 129
129 138
180 142
142 180
227 75
75 227
112 24
24 112
188 62
62 188
194 81
81 194
299 125
125 299
230 163
163 230
201 50
50 201
158 65
65 158
244 53
53 244
189 131
131 189
114 73
73 114
252 182
182 252
201 195
195 201
297 209
209 297
160 61
61 160
295 49
49 295
289 30
30 289
67 58
58 67
294 231
231 294
208 109
109 208
235 116
116 235
210 73
73 210
139 112
112 139
184 11
11 184
99 80
80 99
196 181
181 196
244 27
27 244
295 76
76 295
124 71
71 124
216 184
184 216
255 125
125 255
184 110
110 184
119 3
3 119
93 5
5 93
108 49
49 108
261 51
51 261
268 216
216 268
138 93
93 138
220 146
146 220
105 81
81 105
283 260
260 283
172 2
2 172
117 72
72 117
244 220
220 244
87 4
4 87
291 177
177 291
279 209
209 279
183 146
146 183
276 162
162 276
263 56
56 263
220 37
37 220
247 152
152 247
247 165
165 247
213 151
151 213
162 33
33 162
202 48
48 202
192 156
156 192
186 129
129 186
154 144
144 154
176 150
150 176
154 129
129 154
256 60
60 256
174 130
130 174
259 188
188 259
86 55
55 86
125 47
47 125
287 133
133 287
143 135
135 143
295 60
60 295
123 73
73 123
224 65
65 224
189 11
11 189
217 164
164 217
159 80
80 159
101 67
67 101
252 29
29 252
292 1
1 292
132 108
108 132
66 8
8 66
61 55
55 61
99 53
53 99
284 26
26 284
249 128
128 249
31 22
22 31
87 14
14 87
274 85
85 274
282 123
123 282
160 95
95 160
102 66
66 102
266 176
176 266
140 90
90 140
291 17
17 291
300 177
177 300
215 106
106 215
77 55
55 77
129 48
48 129
197 53
53 197
179 84
84 179
195 67
67 195
37 16
16 37
236 145
145 236
294 185
185 294
98 41
41 98
221 175
175 221
272 203
203 272
264 61
61 264
160 20
20 160
240 165
165 240
256 123
123 256
289 179
179 289
167 114
114 167
216 197
197 216
255 196
196 255
116 81
81 116
210 46
46 210
293 141
141 293
297 17
17 297
148 145
145 148
127 29
29 127
219 90
90 219
236 10
10 236
245 83
83 245
294 11
11 294
254 48
48 254
195 76
76 195
208 107
107 208
225 158
158 225
187 168
168 187
235 53
53 235
133 124
124 133
64 60
60 64
275 246
246 275
162 3
3 162
69 11
11 69
213 142
142 213
194 107
107 194
143 37
37 143
176 60
60 176
155 68
68 155
280 164
164 280
55 35
35 55
272 52
52 272
78 61
61 78
272 237
237 272
281 46
46 281
277 263
263 277
101 33
33 101
182 32
32 182
184 15
15 184
137 80
80 137
141 34
34 141
279 111
111 279
70 53
53 70
237 227
227 237
290 188
188 290
240 56
56 240
283 175
175 283
263 181
181 263
282 165
165 282
270 15
15 270
291 97
97 291
262 201
201 262
255 251
251 255
298 200
200 298
147 136
136 147
39 31
31 39
208 70
70 208
233 206
206 233
284 227
227 284
231 32
32 231
261 225
225 261
161 124
124 161
255 142
142 255
269 138
138 269
263 132
132 263
91 59
59 91
133 89
89 133
190 140
140 190
213 190
190 213
283 116
116 283
78 32
32 78
280 243
243 280
295 221
221 295
220 147
147 220
270 85
85 270
255 112
112 255
79 77
77 79
242 235
235 242
291 19
19 291
117 58
58 117
265 258
258 265
236 22
22 236
168 110
110 168
165 97
97 165
97 76
76 97
193 144
144 193
175 132
132 175
126 96
96 126
87 82
82 87
270 213
213 270
186 31
31 186
222 169
169 222
136 94
94 136
249 105
105 249
217 117
117 217
287 36
36 287
279 264
264 279
197 81
81 197
290 113
113 290
271 73
73 271
181 8
8 181
123 14
14 123
260 50
50 260
279 256
256 279
195 66
66 195
54 44
44 54
225 118
118 225
173 91
91 173
94 47
47 94
291 80
80 291
133 61
61 133
89 55
55 89
245 232
232 245
237 228
228 237
95 89
89 95
253 164
164 253
71 1
1 71
131 103
103 131
271 113
113 271
180 24
24 180
138 103
103 138
49 9
9 49
297 267
267 297
74 12
12 74
295 82
82 295
110 82
82 110
284 37
37 284
232 41
41 232
286 216
216 286
267 51
51 267
242 176
176 242
247 127
127 247
278 104
104 278
135 103
103 135
212 130
130 212
179 115
115 179
149 66
66 149
300 198
198 300
243 26
26 243
178 3
3 178
33 20
20 33
219 61
61 219
211 34
34 211
214 147
147 214
294 267
267 294
183 26
26 183
109 67
67 109
257 136
136 257
251 35
35 251
281 187
187 281
180 75
75 180
62 23
23 62
102 67
67 102
208 112
112 208
288 141
141 288
184 9
9 184
190 66
66 190
199 1
1 199
59 32
32 59
124 32
32 124
161 55
55 161
292 181
181 292
241 182
182 241
94 58
58 94
145 95
95 145
236 110
110 236
212 34
34 212
273 180
180 273
193 97
97 193
123 25
25 123
187 177
177 187
200 161
161 200
255 241
241 255
220 74
74 220
271 115
115 271
198 149
149 198
238 7
7 238
228 153
153 228
210 113
113 210
295 119
119 295
241 34
34 241
267 125
125 267
224 104
104 224
225 177
177 225
181 101
101 181
243 215
215 243
250 5
5 250
59 10
10 59
177 137
137 177
85 38
38 85
184 156
156 184
215 123
123 215
243 30
30 243
275 241
241 275
19 1
1 19
285 257
257 285
129 106
106 129
183 89
89 183
221 2
2 221
276 139
139 276
279 194
194 279
256 47
47 256
225 127
127 225
262 157
157 262
242 169
169 242
123 114
114 123
218 151
151 218
198 190
190 198
261 239
239 261
239 237
237 239
250 209
209 250
245 229
229 245
22 14
14 22
246 19
19 246
256 187
187 256
74 10
10 74
227 76
76 227
273 106
106 273
263 178
178 263
128 63
63 128
247 96
96 247
188 129
129 188
24 20
20 24
236 123
123 236
124 30
30 124
203 75
75 203
260 89
89 260
280 39
39 280
98 23
23 98
252 24
24 252
210 119
119 210
208 172
172 208
117 109
109 117
175 75
75 175
285 191
191 285
230 62
62 230
262 12
12 262
109 62
62 109
229 21
21 229
273 32
32 273
98 14
14 98
200 73
73 200
247 213
213 247
237 179
179 237
22 20
20 22
52 39
39 52
103 18
18 103
149 96
96 149
109 107
107 109
201 84
84 201
266 223
223 266
275 94
94 275
131 125
125 131
241 112
112 241
170 7
7 170
251 192
192 251
289 164
164 289
260 28
28 260
197 136
136 197
155 7
7 155
231 143
143 231
175 134
134 175
299 271
271 299
86 59
59 86
186 2
2 186
171 140
140 171
150 25
25 150
94 90
90 94
234 3
3 234
232 105
105 232
231 99
99 231
167 130
130 167
300 59
59 300
201 183
183 201
183 138
138 183
282 259
259 282
252 230
230 252
272 35
35 272
107 51
51 107
167 123
123 167
232 179
179 232
174 134
134 174
272 36
36 272
224 138
138 224
283 190
190 283
271 222
222 271
186 120
120 186
264 225
225 264
205 107
107 205
85 39
39 85
145 139
139 145
208 173
173 208
49 35
35 49
104 89
89 104
177 52
52 177
182 149
149 182
265 6
6 265
154 90
90 154
267 266
266 267
198 187
187 198
231 5
5 231
114 81
81 114
246 189
189 246
137 37
37 137
279 273
273 279
186 106
106 186
160 81
81 160
199 31
31 199
172 130
130 172
206 18
18 206
286 12
12 286
196 59
59 196
240 182
182 240
285 145
145 285
152 8
8 152
235 105
105 235
295 42
42 295
261 33
33 261
271 234
234 271
293 75
75 293
117 86
86 117
111 25
25 111
186 96
96 186
134 94
94 134
149 117
117 149
210 63
63 210
293 221
221 293
175 106
106 175
285 176
176 285
150 50
50 150
203 112
112 203
136 108
108 136
166 24
24 166
98 11
11 98
279 127
127 279
130 47
47 130
184 139
139 184
127 104
104 127
103 33
33 103
201 27
27 201
199 145
145 199
283 125
125 283
211 3
3 211
184 114
114 184
253 115
115 253
292 163
163 292
106 88
88 106
57 51
51 57
138 97
97 138
90 43
43 90
220 3
3 220
230 77
77 230
207 61
61 207
197 21
21 197
293 56
56 293
174 45
45 174
164 77
77 164
181 130
130 181
73 2
2 73
300 153
153 300
232 227
227 232
167 93
93 167
89 25
25 89
299 12
12 299
284 121
121 284
222 149
149 222
197 73
73 197
258 52
52 258
250 74
74 250
245 85
85 245
182 41
41 182
282 220
220 282
235 56
56 235
175 146
146 175
209 126
126 209
137 16
16 137
238 192
192 238
67 47
47 67
269 169
169 269
227 54
54 227
233 21
21 233
249 112
112 249
129 17
17 129
209 121
121 209
293 229
229 293
208 157
157 208
222 201
201 222
220 163
163 220
245 102
102 245
265 2
2 265
214 28
28 214
230 94
94 230
140 79
79 140
222 99
99 222
255 46
46 255
253 100
100 253
262 110
110 262
153 62
62 153
294 286
286 294
129 78
78 129
118 114
114 118
65 1
1 65
221 59
59 221
152 16
16 152
209 145
145 209
97 62
62 97
212 119
119 212
262 127
127 262
189 70
70 189
195 8
8 195
296 16
16 296
254 181
181 254
211 145
145 211
162 45
45 162
120 8
8 120
227 95
95 227
154 40
40 154
255 153
153 255
261 195
195 261
153 69
69 153
211 35
35 211
91 21
21 91
195 184
184 195
270 34
34 270
264 30
30 264
294 146
146 294
148 33
33 148
50 26
26 50
193 152
152 193
195 77
77 195
272 208
208 272
291 191
191 291
262 258
258 262
289 106
106 289
288 47
47 288
144 66
66 144
218 126
126 218
270 167
167 270
240 166
166 240
245 79
79 245
230 102
102 230
258 100
100 258
141 114
114 141
122 109
109 122
276 107
107 276
219 26
26 219
241 2
2 241
186 81
81 186
283 277
277 283
186 89
89 186
212 182
182 212
206 141
141 206
280 273
273 280
110 87
87 110
206 147
147 206
229 138
138 229
45 35
35 45
273 96
96 273
182 31
31 182
256 39
39 256
175 126
126 175
161 126
126 161
107 60
60 107
236 132
132 236
284 236
236 284
199 16
16 199
180 66
66 180
297 187
187 297
123 10
10 123
299 210
210 299
160 67
67 160
273 256
256 273
293 77
77 293
245 115
115 245
187 180
180 187
296 251
251 296
142 20
20 142
180 108
108 180
155 74
74 155
269 73
73 269
262 216
216 262
44 32
32 44
79 71
71 79
169 152
152 169
195 145
145 195
280 48
48 280
131 54
54 131
194 126
126 194
242 195
195 242
259 162
162 259
256 49
49 256
259 183
183 259
174 1
1 174
259 53
53 259
242 64
64 242
258 63
63 258
247 182
182 247
262 166
166 262
71 31
31 71
207 137
137 207
160 15
15 160
241 232
232 241
90 19
19 90
145 70
70 145
262 215
215 262
174 99
99 174
282 276
276 282
111 36
36 111
191 146
146 191
215 69
69 215
267 31
31 267
204 194
194 204
62 38
38 62
292 119
119 292
296 115
115 296
97 28
28 97
218 160
160 218
283 263
263 283
15 5
5 15
157 10
10 157
300 293
293 300
172 156
156 172
280 12
12 280
175 45
45 175
285 12
12 285
247 71
71 247
249 142
142 249
273 217
217 273
277 24
24 277
259 242
242 259
270 204
204 270
193 120
120 193
258 127
127 258
212 199
199 212
272 123
123 272
260 91
91 260
156 141
141 156
193 107
107 193
165 140
140 165
284 52
52 284
261 105
105 261
276 57
57 276
150 12
12 150
227 226
226 227
263 185
185 263
246 41
41 246
218 22
22 218
139 15
15 139
62 55
55 62
128 83
83 128
190 10
10 190
185 146
146 185
269 265
265 269
165 153
153 165
206 63
63 206
263 160
160 263
185 142
142 185
195 125
125 195
222 80
80 222
184 61
61 184
203 98
98 203
299 152
152 299
294 67
67 294
31 4
4 31
139 89
89 139
263 187
187 263
122 6
6 122
248 129
129 248
198 26
26 198
235 28
28 235
158 112
112 158
230 217
217 230
267 90
90 267
110 45
45 110
