317 309
309 317
259 87
87 259
233 218
218 233
482 118
118 482
282 2
2 282
268 104
104 268
212 166
166 212
297 20
20 297
439 115
115 439
263 90
90 263
202 28
28 202
177 63
63 177
497 392
392 497
403 331
331 403
424 102
102 424
238 106
106 238
476 307
307 476
467 148
148 467
449 48
48 449
153 78
78 153
290 134
134 290
324 5
5 324
21 6
6 21
81 70
70 81
497 294
294 497
380 359
359 380
213 61
61 213
131 71
71 131
394 277
277 394
488 401
401 488
163 54
54 163
208 16
16 208
288 213
213 288
304 220
220 304
86 35
35 86
384 61
61 384
322 17
17 322
417 72
72 417
437 277
277 437
322 233
233 322
258 39
39 258
401 285
285 401
162 76
76 162
342 323
323 342
189 55
55 189
132 106
106 132
370 158
158 370
399 79
79 399
443 152
152 443
205 191
191 205
373 200
200 373
190 88
88 190
380 103
103 380
386 89
89 386
268 32
32 268
381 283
283 381
110 55
55 110
367 160
160 367
381 208
208 381
428 188
188 428
103 6
6 103
387 248
248 387
269 109
109 269
227 36
36 227
446 339
339 446
444 401
401 444
376 343
343 376
354 108
108 354
331 227
227 331
303 227
227 303
332 184
184 332
463 67
67 463
485 40
40 485
137 107
107 137
288 122
122 288
175 118
118 175
472 42
42 472
450 239
239 450
181 58
58 181
418 44
44 418
79 17
17 79
471 446
446 471
126 32
32 126
400 325
325 400
117 40
40 117
303 10
10 303
471 315
315 471
247 173
173 247
369 70
70 369
149 142
142 149
244 64
64 244
167 131
131 167
236 118
118 236
391 89
89 391
411 366
366 411
453 385
385 453
413 134
134 413
414 18
18 414
323 268
268 323
312 148
148 312
247 133
133 247
243 173
173 243
405 364
364 405
489 188
188 489
192 43
43 192
308 183
183 308
258 49
49 258
368 153
153 368
486 430
430 486
389 343
343 389
297 99
99 297
380 94
94 380
460 67
67 460
151 98
98 151
453 155
155 453
401 169
169 401
456 336
336 456
193 15
15 193
376 364
364 376
340 198
198 340
344 315
315 344
429 318
318 429
99 87
87 99
401 367
367 401
452 147
147 452
423 44
44 423
233 143
143 233
320 299
299 320
315 68
68 315
304 56
56 304
154 102
102 154
256 228
228 256
461 458
458 461
375 202
202 375
386 135
135 386
251 111
111 251
123 20
20 123
225 184
184 225
468 219
219 468
347 300
300 347
244 54
54 244
403 314
314 403
238 157
157 238
450 320
320 450
53 13
13 53
139 8
8 139
339 160
160 339
417 215
215 417
467 305
305 467
456 316
316 456
259 64
64 259
452 383
383 452
354 341
341 354
298 187
187 298
470 169
169 470
48 33
33 48
314 76
76 314
267 150
150 267
469 330
330 469
461 153
153 461
379 329
329 379
218 159
159 218
434 286
286 434
456 229
229 456
487 431
431 487
261 238
238 261
318 30
30 318
273 17
17 273
302 5
5 302
92 28
28 92
422 382
382 422
498 275
275 498
362 267
267 362
104 75
75 104
223 186
186 223
425 386
386 425
254 175
175 254
127 62
62 127
459 86
86 459
470 173
173 470
420 415
415 420
307 249
249 307
154 68
68 154
304 24
24 304
286 7
7 286
455 390
390 455
455 139
139 455
450 120
120 450
379 239
239 379
226 24
24 226
489 311
311 489
358 309
309 358
364 218
218 364
453 437
437 453
169 118
118 169
404 300
300 404
353 88
88 353
146 77
77 146
287 144
144 287
296 210
210 296
494 384
384 494
463 201
201 463
87 79
79 87
354 101
101 354
453 344
344 453
174 57
57 174
388 232
232 388
240 113
113 240
331 85
85 331
122 55
55 122
482 419
419 482
307 70
70 307
352 142
142 352
277 187
187 277
348 32
32 348
154 32
32 154
171 43
43 171
229 132
132 229
415 94
94 415
465 116
116 465
161 136
136 161
50 40
40 50
482 108
108 482
209 4
4 209
499 233
233 499
366 183
183 366
228 168
168 228
309 83
83 309
476 4
4 476
274 155
155 274
445 291
291 445
410 10
10 410
302 146
146 302
211 158
158 211
280 184
184 280
348 334
334 348
370 220
220 370
390 271
271 390
198 96
96 198
246 22
22 246
362 54
54 362
437 63
63 437
362 40
40 362
245 214
214 245
240 60
60 240
498 445
445 498
362 346
346 362
298 5
5 298
356 25
25 356
236 16
16 236
366 23
23 366
218 207
207 218
343 204
204 343
344 274
274 344
476 397
397 476
385 327
327 385
395 375
375 395
227 77
77 227
318 277
277 318
282 201
201 282
442 161
161 442
109 76
76 109
258 103
103 258
99 96
96 99
330 134
134 330
322 35
35 322
342 8
8 342
235 54
54 235
461 5
5 461
358 5
5 358
178 73
73 178
264 96
96 264
246 132
132 246
475 421
421 475
50 21
21 50
389 87
87 389
410 395
395 410
397 156
156 397
298 14
14 298
389 213
213 389
176 165
165 176
354 310
310 354
232 23
23 232
374 369
369 374
81 44
44 81
492 286
286 492
315 106
106 315
350 192
192 350
404 107
107 404
385 59
59 385
456 43
43 456
400 290
290 400
387 62
62 387
379 117
117 379
268 65
65 268
343 135
135 343
298 186
186 298
275 5
5 275
440 352
352 440
431 307
307 431
406 45
45 406
154 103
103 154
218 56
56 218
154 16
16 154
157 65
65 157
465 245
245 465
317 195
195 317
435 110
110 435
406 135
135 406
344 212
212 344
385 45
45 385
330 227
227 330
345 331
331 345
237 62
62 237
393 56
56 393
309 117
117 309
334 269
269 334
265 165
165 265
266 86
86 266
328 92
92 328
409 357
357 409
370 215
215 370
59 18
18 59
321 180
180 321
332 66
66 332
73 67
67 73
129 32
32 129
219 41
41 219
437 245
245 437
354 103
103 354
240 161
161 240
341 286
286 341
393 321
321 393
471 199
199 471
271 41
41 271
421 258
258 421
155 5
5 155
373 60
60 373
307 55
55 307
246 87
87 246
297 35
35 297
401 286
286 401
223 160
160 223
119 12
12 119
128 69
69 128
178 125
125 178
472 29
29 472
202 114
114 202
340 302
302 340
333 247
247 333
461 9
9 461
497 281
281 497
466 283
283 466
481 197
197 481
170 146
146 170
480 136
136 480
417 69
69 417
298 226
226 298
175 96
96 175
76 23
23 76
350 224
224 350
319 59
59 319
421 83
83 421
203 119
119 203
495 259
259 495
188 37
37 188
103 53
53 103
462 392
392 462
419 58
58 419
474 376
376 474
464 24
24 464
429 415
415 429
404 175
175 404
456 188
188 456
314 238
238 314
395 306
306 395
267 223
223 267
464 122
122 464
427 369
369 427
182 71
71 182
356 22
22 356
319 35
35 319
218 111
111 218
200 198
198 200
440 126
126 440
457 190
190 457
435 61
61 435
416 211
211 416
268 119
119 268
468 424
424 468
238 68
68 238
157 69
69 157
427 412
412 427
395 59
59 395
468 336
336 468
301 66
66 301
386 160
160 386
335 277
277 335
253 72
72 253
388 225
225 388
256 183
183 256
269 124
124 269
459 158
158 459
462 198
198 462
142 116
116 142
357 27
27 357
350 322
322 350
58 12
12 58
292 204
204 292
381 8
8 381
319 167
167 319
454 317
317 454
457 142
142 457
446 414
414 446
480 78
78 480
492 382
382 492
301 67
67 301
476 332
332 476
139 134
134 139
211 72
72 211
377 211
211 377
492 351
351 492
318 174
174 318
453 356
356 453
485 295
295 485
217 123
123 217
138 38
38 138
471 112
112 471
220 215
215 220
362 97
97 362
308 128
128 308
155 2
2 155
462 65
65 462
29 28
28 29
467 310
310 467
399 261
261 399
343 201
201 343
416 60
60 416
312 305
305 312
405 245
245 405
175 107
107 175
288 154
154 288
467 101
101 467
356 131
131 356
465 234
234 465
327 100
100 327
285 178
178 285
352 11
11 352
225 162
162 225
214 208
208 214
399 353
353 399
378 197
197 378
420 115
115 420
426 41
41 426
369 140
140 369
426 311
311 426
357 84
84 357
450 287
287 450
200 90
90 200
191 175
175 191
266 163
163 266
457 175
175 457
500 67
67 500
484 213
213 484
92 17
17 92
461 154
154 461
244 168
168 244
449 371
371 449
399 342
342 399
160 17
17 160
313 308
308 313
156 67
67 156
438 350
350 438
439 205
205 439
392 46
46 392
491 291
291 491
430 412
412 430
372 119
119 372
333 105
105 333
421 291
291 421
294 82
82 294
357 77
77 357
55 26
26 55
206 181
181 206
382 125
125 382
490 116
116 490
159 88
88 159
324 235
235 324
402 13
13 402
494 387
387 494
415 47
47 415
331 34
34 331
455 233
233 455
491 468
468 491
461 438
438 461
304 298
298 304
403 212
212 403
147 138
138 147
498 192
192 498
445 72
72 445
152 19
19 152
324 156
156 324
493 334
334 493
393 314
314 393
365 72
72 365
322 315
315 322
260 107
107 260
393 46
46 393
381 229
229 381
434 243
243 434
485 346
346 485
472 399
399 472
435 44
44 435
390 24
24 390
195 7
7 195
363 167
167 363
454 426
426 454
392 223
223 392
198 65
65 198
440 99
99 440
479 238
238 479
210 118
118 210
222 24
24 222
341 229
229 341
182 131
131 182
195 185
185 195
324 184
184 324
160 39
39 160
469 369
369 469
227 34
34 227
458 268
268 458
454 346
346 454
70 3
3 70
413 165
165 413
434 324
324 434
338 134
134 338
479 431
431 479
266 79
79 266
424 381
381 424
342 337
337 342
192 94
94 192
61 41
41 61
470 337
337 470
489 291
291 489
485 35
35 485
402 381
381 402
228 189
189 228
160 2
2 160
390 353
353 390
275 211
211 275
472 265
265 472
303 201
201 303
486 433
433 486
361 98
98 361
160 47
47 160
361 339
339 361
231 129
129 231
468 197
197 468
433 95
95 433
328 17
17 328
390 209
209 390
454 269
269 454
247 195
195 247
481 39
39 481
162 59
59 162
337 116
116 337
397 14
14 397
422 222
222 422
117 46
46 117
445 46
46 445
363 296
296 363
214 201
201 214
389 248
248 389
264 142
142 264
336 94
94 336
98 40
40 98
255 97
97 255
418 116
116 418
371 140
140 371
404 45
45 404
261 204
204 261
149 26
26 149
190 186
186 190
392 380
380 392
416 287
287 416
247 185
185 247
190 25
25 190
461 365
365 461
401 216
216 401
345 54
54 345
426 247
247 426
128 5
5 128
465 270
270 465
493 491
491 493
486 35
35 486
293 9
9 293
252 68
68 252
419 175
175 419
265 95
95 265
494 3
3 494
425 211
211 425
369 109
109 369
485 299
299 485
335 205
205 335
400 370
370 400
273 109
109 273
260 209
209 260
324 160
160 324
422 397
397 422
91 45
45 91
410 213
213 410
293 72
72 293
454 31
31 454
247 196
196 247
178 28
28 178
340 333
333 340
471 6
6 471
410 118
118 410
429 300
300 429
278 185
185 278
181 42
42 181
168 75
75 168
392 368
368 392
461 443
443 461
477 50
50 477
441 330
330 441
126 103
103 126
460 109
109 460
190 150
150 190
95 61
61 95
353 11
11 353
438 35
35 438
284 128
128 284
126 104
104 126
387 5
5 387
198 12
12 198
331 274
274 331
463 284
284 463
388 160
160 388
487 412
412 487
85 13
13 85
261 99
99 261
195 140
140 195
418 354
354 418
482 159
159 482
370 42
42 370
270 20
20 270
395 70
70 395
241 110
110 241
254 16
16 254
293 288
288 293
437 433
433 437
198 150
150 198
429 245
245 429
323 53
53 323
90 57
57 90
397 74
74 397
371 22
22 371
261 63
63 261
373 180
180 373
351 277
277 351
220 177
177 220
467 25
25 467
397 199
199 397
409 347
347 409
344 170
170 344
419 32
32 419
385 250
250 385
351 5
5 351
421 314
314 421
455 181
181 455
428 23
23 428
464 228
228 464
339 31
31 339
395 263
263 395
219 136
136 219
298 290
290 298
244 143
143 244
408 26
26 408
396 202
202 396
112 13
13 112
330 85
85 330
217 83
83 217
350 111
111 350
153 145
145 153
318 233
233 318
252 178
178 252
371 132
132 371
454 275
275 454
434 253
253 434
411 279
279 411
336 51
51 336
438 22
22 438
401 61
61 401
431 174
174 431
405 270
270 405
391 86
86 391
25 17
17 25
489 294
294 489
466 143
143 466
266 117
117 266
225 188
188 225
401 142
142 401
486 297
297 486
131 119
119 131
305 276
276 305
442 177
177 442
363 81
81 363
227 193
193 227
269 198
198 269
271 214
214 271
379 10
10 379
394 360
360 394
439 382
382 439
488 293
293 488
166 43
43 166
158 2
2 158
73 42
42 73
483 472
472 483
398 122
122 398
443 428
428 443
419 295
295 419
335 245
245 335
427 391
391 427
470 161
161 470
235 191
191 235
60 29
29 60
335 59
59 335
358 4
4 358
455 60
60 455
322 226
226 322
472 27
27 472
394 228
228 394
320 47
47 320
389 119
119 389
300 183
183 300
383 249
249 383
224 218
218 224
406 25
25 406
341 291
291 341
414 37
37 414
421 148
148 421
410 358
358 410
442 363
363 442
218 139
139 218
330 158
158 330
437 371
371 437
482 326
326 482
466 16
16 466
219 109
109 219
251 18
18 251
360 177
177 360
292 91
91 292
435 398
398 435
433 303
303 433
372 181
181 372
451 401
401 451
355 316
316 355
496 334
334 496
391 31
31 391
119 106
106 119
455 164
164 455
378 67
67 378
438 166
166 438
212 64
64 212
356 250
250 356
418 328
328 418
388 361
361 388
238 70
70 238
398 94
94 398
381 106
106 381
491 117
117 491
463 223
223 463
439 232
232 439
228 33
33 228
303 277
277 303
183 158
158 183
174 33
33 174
323 174
174 323
468 29
29 468
410 299
299 410
428 255
255 428
319 312
312 319
446 261
261 446
441 72
72 441
305 235
235 305
463 38
38 463
447 385
385 447
121 38
38 121
342 175
175 342
322 258
258 322
217 105
105 217
324 250
250 324
127 80
80 127
431 345
345 431
48 3
3 48
285 118
118 285
449 379
379 449
191 150
150 191
496 370
370 496
324 37
37 324
240 96
96 240
273 73
73 273
484 134
134 484
334 73
73 334
283 165
165 283
79 1
1 79
489 215
215 489
432 84
84 432
164 157
157 164
232 217
217 232
214 157
157 214
477 110
110 477
450 337
337 450
465 372
372 465
366 207
207 366
300 279
279 300
263 205
205 263
404 93
93 404
170 82
82 170
454 320
320 454
312 271
271 312
363 62
62 363
457 226
226 457
161 44
44 161
265 170
170 265
322 306
306 322
354 309
309 354
194 42
42 194
230 97
97 230
414 43
43 414
381 84
84 381
459 420
420 459
364 268
268 364
361 134
134 361
185 82
82 185
234 35
35 234
480 143
143 480
282 266
266 282
492 284
284 492
138 32
32 138
58 17
17 58
147 17
17 147
326 18
18 326
153 64
64 153
405 239
239 405
323 144
144 323
483 17
17 483
400 309
309 400
254 210
210 254
353 314
314 353
425 124
124 425
350 307
307 350
471 217
217 471
461 117
117 461
410 155
155 410
331 83
83 331
407 399
399 407
459 159
159 459
251 10
10 251
252 126
126 252
313 229
229 313
409 55
55 409
252 94
94 252
497 262
262 497
356 143
143 356
315 211
211 315
448 242
242 448
173 154
154 173
474 324
324 474
248 106
106 248
388 102
102 388
366 354
354 366
414 120
120 414
171 95
95 171
380 361
361 380
303 46
46 303
479 305
305 479
256 88
88 256
475 304
304 475
201 20
20 201
179 98
98 179
40 25
25 40
495 198
198 495
92 64
64 92
195 61
61 195
494 102
102 494
219 188
188 219
448 226
226 448
493 59
59 493
273 35
35 273
98 44
44 98
370 8
8 370
314 2
2 314
191 33
33 191
403 341
341 403
403 98
98 403
329 198
198 329
389 17
17 389
491 141
141 491
266 3
3 266
487 5
5 487
285 85
85 285
354 44
44 354
246 67
67 246
467 106
106 467
346 204
204 346
344 106
106 344
262 151
151 262
413 55
55 413
250 238
238 250
240 230
230 240
358 186
186 358
278 213
213 278
205 150
150 205
442 158
158 442
493 98
98 493
336 266
266 336
241 224
224 241
448 372
372 448
228 117
117 228
280 186
186 280
265 231
231 265
328 144
144 328
456 399
399 456
425 141
141 425
459 289
289 459
215 172
172 215
406 380
380 406
494 34
34 494
423 15
15 423
293 244
244 293
465 352
352 465
414 126
126 414
482 278
278 482
427 276
276 427
494 331
331 494
444 49
49 444
416 162
162 416
278 41
41 278
444 270
270 444
210 52
52 210
324 53
53 324
478 314
314 478
299 108
108 299
431 404
404 431
462 195
195 462
80 76
76 80
454 183
183 454
480 219
219 480
455 207
207 455
498 227
227 498
460 136
136 460
370 113
113 370
121 56
56 121
283 282
282 283
438 272
272 438
394 66
66 394
301 275
275 301
234 167
167 234
500 472
472 500
376 169
169 376
436 150
150 436
178 89
89 178
232 157
157 232
345 51
51 345
431 57
57 431
360 88
88 360
355 284
284 355
434 189
189 434
362 188
188 362
362 55
55 362
330 127
127 330
413 283
283 413
358 152
152 358
288 95
95 288
467 309
309 467
327 324
324 327
420 377
377 420
368 349
349 368
404 170
170 404
188 132
132 188
293 31
31 293
378 168
168 378
117 84
84 117
371 283
283 371
491 46
46 491
17 12
12 17
487 400
400 487
314 36
36 314
298 73
73 298
336 53
53 336
259 36
36 259
77 47
47 77
122 104
104 122
398 213
213 398
357 29
29 357
218 48
48 218
356 88
88 356
327 3
3 327
482 93
93 482
400 185
185 400
328 114
114 328
203 21
21 203
487 36
36 487
450 118
118 450
446 246
246 446
356 188
188 356
287 76
76 287
195 46
46 195
371 192
192 371
429 146
146 429
464 353
353 464
495 52
52 495
333 222
222 333
361 100
100 361
469 198
198 469
440 298
298 440
392 162
162 392
171 122
122 171
264 241
241 264
298 212
212 298
447 388
388 447
416 362
362 416
478 136
136 478
380 282
282 380
379 187
187 379
449 381
381 449
358 10
10 358
150 73
73 150
488 160
160 488
323 305
305 323
339 278
278 339
371 281
281 371
208 47
47 208
242 138
138 242
280 147
147 280
258 210
210 258
272 116
116 272
474 421
421 474
364 81
81 364
433 220
220 433
298 4
4 298
316 257
257 316
435 117
117 435
371 46
46 371
366 321
321 366
342 288
288 342
471 40
40 471
201 59
59 201
329 62
62 329
419 5
5 419
440 146
146 440
344 144
144 344
156 65
65 156
474 130
130 474
206 25
25 206
471 127
127 471
437 314
314 437
309 261
261 309
309 211
211 309
392 222
222 392
443 392
392 443
481 5
5 481
367 7
7 367
417 5
5 417
318 254
254 318
246 177
177 246
292 84
84 292
407 291
291 407
446 8
8 446
80 7
7 80
433 3
3 433
341 231
231 341
386 69
69 386
153 51
51 153
67 34
34 67
422 151
151 422
401 95
95 401
397 234
234 397
211 94
94 211
199 126
126 199
434 14
14 434
359 173
173 359
446 218
218 446
152 95
95 152
424 173
173 424
198 94
94 198
415 36
36 415
149 34
34 149
318 228
228 318
451 151
151 451
474 269
269 474
318 249
249 318
280 109
109 280
482 43
43 482
235 108
108 235
459 211
211 459
117 31
31 117
439 31
31 439
480 122
122 480
450 307
307 450
95 22
22 95
375 224
224 375
423 124
124 423
103 8
8 103
274 243
243 274
112 72
72 112
388 377
377 388
362 66
66 362
465 48
48 465
489 140
140 489
438 85
85 438
441 45
45 441
439 289
289 439
258 50
50 258
385 221
221 385
232 168
168 232
334 32
32 334
260 49
49 260
400 282
282 400
324 120
120 324
284 61
61 284
87 38
38 87
448 177
177 448
356 89
89 356
462 437
437 462
265 255
255 265
366 18
18 366
462 54
54 462
260 135
135 260
120 12
12 120
470 11
11 470
418 27
27 418
396 47
47 396
370 104
104 370
419 21
21 419
355 274
274 355
466 182
182 466
217 143
143 217
180 128
128 180
215 5
5 215
351 236
236 351
425 62
62 425
490 156
156 490
457 69
69 457
421 25
25 421
437 250
250 437
203 160
160 203
379 238
238 379
190 116
116 190
323 36
36 323
190 156
156 190
464 330
330 464
421 253
253 421
462 355
355 462
239 69
69 239
123 54
54 123
385 64
64 385
450 427
427 450
357 211
211 357
417 325
325 417
306 50
50 306
479 465
465 479
481 104
104 481
409 80
80 409
451 282
282 451
253 123
123 253
378 138
138 378
274 185
185 274
416 95
95 416
350 65
65 350
30 19
19 30
392 256
256 392
453 67
67 453
470 192
192 470
288 265
265 288
387 168
168 387
125 64
64 125
73 54
54 73
445 226
226 445
454 6
6 454
453 413
413 453
298 111
111 298
336 100
100 336
340 1
1 340
52 19
19 52
181 70
70 181
478 416
416 478
250 68
68 250
299 169
169 299
216 190
190 216
389 153
153 389
388 80
80 388
186 20
20 186
482 316
316 482
165 139
139 165
289 31
31 289
384 178
178 384
378 4
4 378
188 119
119 188
231 157
157 231
426 187
187 426
334 243
243 334
296 202
202 296
396 16
16 396
371 229
229 371
349 137
137 349
330 234
234 330
365 320
320 365
484 367
367 484
381 68
68 381
240 101
101 240
427 198
198 427
246 92
92 246
228 207
207 228
62 27
27 62
379 176
176 379
272 158
158 272
496 489
489 496
308 85
85 308
477 406
406 477
389 339
339 389
342 333
333 342
452 201
201 452
223 63
63 223
79 16
16 79
442 159
159 442
490 292
292 490
136 77
77 136
490 314
314 490
281 266
266 281
166 150
150 166
491 285
285 491
423 84
84 423
145 131
131 145
238 224
224 238
430 149
149 430
500 94
94 500
478 168
168 478
294 121
121 294
129 96
96 129
415 400
400 415
495 311
311 495
420 37
37 420
362 252
252 362
248 152
152 248
295 61
61 295
57 47
47 57
456 352
352 456
357 79
79 357
220 56
56 220
295 60
60 295
439 436
436 439
377 137
137 377
458 376
376 458
258 11
11 258
391 206
206 391
473 390
390 473
195 137
137 195
344 87
87 344
431 359
359 431
347 288
288 347
457 90
90 457
306 86
86 306
201 120
120 201
444 393
393 444
215 60
60 215
412 397
397 412
469 411
411 469
382 313
313 382
469 379
379 469
464 116
116 464
482 90
90 482
275 221
221 275
288 286
286 288
418 338
338 418
424 212
212 424
337 68
68 337
257 133
133 257
487 388
388 487
61 16
16 61
261 219
219 261
175 61
61 175
376 118
118 376
212 70
70 212
152 117
117 152
475 377
377 475
323 163
163 323
315 163
163 315
351 63
63 351
438 19
19 438
498 310
310 498
326 99
99 326
425 377
377 425
211 50
50 211
499 32
32 499
357 181
181 357
228 55
55 228
336 41
41 336
284 267
267 284
313 218
218 313
164 137
137 164
91 10
10 91
466 200
200 466
444 277
277 444
249 248
248 249
449 2
2 449
469 210
210 469
360 135
135 360
256 93
93 256
345 247
247 345
298 143
143 298
441 305
305 441
384 180
180 384
456 306
306 456
423 24
24 423
457 369
369 457
468 335
335 468
330 279
279 330
488 83
83 488
399 90
90 399
310 193
193 310
375 366
366 375
454 99
99 454
282 271
271 282
332 29
29 332
203 55
55 203
423 7
7 423
295 122
122 295
431 185
185 431
478 321
321 478
397 22
22 397
69 51
51 69
455 52
52 455
327 196
196 327
132 44
44 132
458 256
256 458
433 159
159 433
383 42
42 383
223 74
74 223
460 231
231 460
390 349
349 390
306 134
134 306
482 79
79 482
473 81
81 473
344 18
18 344
359 350
350 359
411 22
22 411
353 277
277 353
358 260
260 358
280 78
78 280
404 81
81 404
446 425
425 446
17 2
2 17
454 388
388 454
380 266
266 380
474 412
412 474
485 176
176 485
400 371
371 400
418 298
298 418
479 19
19 479
100 79
79 100
231 198
198 231
486 415
415 486
177 99
99 177
398 162
162 398
269 68
68 269
455 287
287 455
336 197
197 336
293 38
38 293
280 223
223 280
346 167
167 346
168 79
79 168
125 25
25 125
388 38
38 388
320 283
283 320
210 150
150 210
393 279
279 393
425 279
279 425
393 77
77 393
387 162
162 387
405 146
146 405
416 148
148 416
48 43
43 48
406 388
388 406
271 111
111 271
409 54
54 409
209 97
97 209
232 187
187 232
344 283
283 344
155 64
64 155
462 196
196 462
488 331
331 488
349 331
331 349
365 96
96 365
408 91
91 408
97 66
66 97
330 112
112 330
325 114
114 325
398 129
129 398
476 113
113 476
489 184
184 489
103 13
13 103
129 55
55 129
240 154
154 240
249 127
127 249
146 94
94 146
323 278
278 323
261 203
203 261
400 5
5 400
461 288
288 461
304 118
118 304
242 16
16 242
442 325
325 442
419 99
99 419
168 103
103 168
67 55
55 67
188 90
90 188
306 291
291 306
376 271
271 376
449 389
389 449
434 21
21 434
344 131
131 344
369 90
90 369
351 153
153 351
335 2
2 335
490 21
21 490
302 68
68 302
470 461
461 470
193 74
74 193
263 69
69 263
426 352
352 426
382 271
271 382
365 175
175 365
324 47
47 324
435 193
193 435
433 137
137 433
85 53
53 85
473 263
263 473
137 30
30 137
76 46
46 76
265 228
228 265
194 41
41 194
448 341
341 448
451 198
198 451
394 355
355 394
458 138
138 458
457 218
218 457
423 231
231 423
153 152
152 153
463 345
345 463
146 8
8 146
461 114
114 461
273 150
150 273
256 29
29 256
202 128
128 202
179 17
17 179
429 351
351 429
215 167
167 215
250 93
93 250
195 1
1 195
492 379
379 492
417 223
223 417
439 117
117 439
241 126
126 241
340 330
330 340
209 65
65 209
317 301
301 317
486 87
87 486
332 74
74 332
116 45
45 116
482 422
422 482
402 193
193 402
186 32
32 186
209 125
125 209
295 227
227 295
478 385
385 478
280 18
18 280
247 164
164 247
144 7
7 144
384 379
379 384
365 15
15 365
327 156
156 327
466 288
288 466
239 187
187 239
429 183
183 429
317 207
207 317
93 48
48 93
481 293
293 481
239 236
236 239
176 79
79 176
177 101
101 177
302 215
215 302
348 342
342 348
375 261
261 375
353 316
316 353
226 190
190 226
366 257
257 366
342 132
132 342
450 345
345 450
247 40
40 247
187 61
61 187
389 384
384 389
283 196
196 283
496 336
336 496
473 154
154 473
484 272
272 484
63 1
1 63
369 232
232 369
491 334
334 491
281 189
189 281
279 142
142 279
421 382
382 421
207 193
193 207
71 69
69 71
351 48
48 351
394 305
305 394
185 47
47 185
399 275
275 399
353 113
113 353
427 405
405 427
52 20
20 52
478 475
475 478
396 349
349 396
377 235
235 377
490 353
353 490
486 315
315 486
49 44
44 49
493 238
238 493
238 174
174 238
426 26
26 426
398 151
151 398
177 6
6 177
486 246
246 486
416 302
302 416
450 151
151 450
365 43
43 365
340 121
121 340
169 94
94 169
321 185
185 321
446 338
338 446
207 131
131 207
298 201
201 298
129 86
86 129
409 63
63 409
461 335
335 461
356 343
343 356
472 312
312 472
333 220
220 333
340 279
279 340
482 383
383 482
276 89
89 276
76 26
26 76
456 199
199 456
60 31
31 60
334 119
119 334
305 157
157 305
253 124
124 253
460 365
365 460
167 80
80 167
253 176
176 253
272 17
17 272
430 376
376 430
122 83
83 122
427 360
360 427
88 35
35 88
216 215
215 216
409 305
305 409
328 310
310 328
229 38
38 229
496 95
95 496
371 329
329 371
409 4
4 409
445 233
233 445
273 5
5 273
208 189
189 208
468 357
357 468
403 233
233 403
399 280
280 399
397 101
101 397
210 168
168 210
477 159
159 477
456 217
217 456
181 95
95 181
159 92
92 159
189 109
109 189
461 164
164 461
204 168
168 204
499 155
155 499
106 61
61 106
344 76
76 344
448 438
438 448
401 166
166 401
275 191
191 275
424 9
9 424
279 243
243 279
481 448
448 481
473 387
387 473
362 37
37 362
498 178
178 498
239 126
126 239
445 141
141 445
426 231
231 426
339 56
56 339
408 340
340 408
464 332
332 464
271 240
240 271
283 142
142 283
402 25
25 402
448 90
90 448
217 30
30 217
305 267
267 305
469 289
289 469
315 72
72 315
330 261
261 330
273 169
169 273
232 81
81 232
464 407
407 464
182 151
151 182
348 99
99 348
478 86
86 478
317 261
261 317
291 65
65 291
483 314
314 483
338 266
266 338
386 346
346 386
376 270
270 376
483 292
292 483
493 39
39 493
208 74
74 208
164 134
134 164
405 67
67 405
349 204
204 349
325 270
270 325
283 135
135 283
214 8
8 214
118 79
79 118
195 149
149 195
397 145
145 397
498 372
372 498
250 59
59 250
275 184
184 275
394 154
154 394
321 236
236 321
375 291
291 375
370 133
133 370
474 201
201 474
377 348
348 377
383 121
121 383
462 383
383 462
260 221
221 260
413 248
248 413
202 154
154 202
334 289
289 334
212 71
71 212
309 254
254 309
316 285
285 316
341 312
312 341
396 252
252 396
75 29
29 75
499 348
348 499
354 172
172 354
476 234
234 476
381 316
316 381
448 427
427 448
301 29
29 301
189 127
127 189
250 84
84 250
38 5
5 38
266 21
21 266
186 133
133 186
108 21
21 108
268 122
122 268
192 46
46 192
433 278
278 433
377 155
155 377
423 152
152 423
264 121
121 264
273 245
245 273
330 58
58 330
240 34
34 240
429 38
38 429
426 255
255 426
370 87
87 370
216 45
45 216
240 127
127 240
499 99
99 499
201 189
189 201
409 91
91 409
193 162
162 193
343 91
91 343
189 132
132 189
331 12
12 331
393 228
228 393
350 153
153 350
307 195
195 307
167 31
31 167
442 3
3 442
197 109
109 197
395 161
161 395
337 272
272 337
483 191
191 483
171 160
160 171
380 224
224 380
147 135
135 147
478 47
47 478
78 15
15 78
102 15
15 102
343 28
28 343
455 15
15 455
13 12
12 13
237 226
226 237
293 110
110 293
331 91
91 331
279 11
11 279
482 228
228 482
478 192
192 478
445 363
363 445
121 52
52 121
135 57
57 135
205 148
148 205
368 56
56 368
316 92
92 316
84 28
28 84
331 132
132 331
446 355
355 446
492 239
239 492
227 225
225 227
314 253
253 314
458 224
224 458
223 217
217 223
431 356
356 431
146 119
119 146
309 250
250 309
491 425
425 491
260 230
230 260
318 205
205 318
408 90
90 408
281 149
149 281
258 227
227 258
474 298
298 474
114 15
15 114
459 178
178 459
330 67
67 330
145 140
140 145
313 304
304 313
488 230
230 488
119 83
83 119
187 127
127 187
297 252
252 297
286 130
130 286
417 64
64 417
471 166
166 471
76 60
60 76
390 119
119 390
466 253
253 466
84 51
51 84
74 12
12 74
444 7
7 444
270 229
229 270
34 18
18 34
254 37
37 254
430 66
66 430
296 200
200 296
494 444
444 494
307 60
60 307
384 145
145 384
456 287
287 456
384 313
313 384
453 320
320 453
432 124
124 432
484 313
313 484
458 78
78 458
299 13
13 299
59 14
14 59
385 38
38 385
49 12
12 49
43 15
15 43
106 34
34 106
473 304
304 473
288 25
25 288
457 63
63 457
466 240
240 466
184 122
122 184
394 13
13 394
401 14
14 401
393 199
199 393
43 33
33 43
363 20
20 363
466 255
255 466
412 308
308 412
466 234
234 466
368 41
41 368
278 38
38 278
53 12
12 53
204 197
197 204
269 123
123 269
369 246
246 369
481 470
470 481
241 2
2 241
326 14
14 326
445 299
299 445
464 274
274 464
329 97
97 329
56 45
45 56
106 21
21 106
285 94
94 285
434 293
293 434
447 405
405 447
257 31
31 257
282 105
105 282
455 64
64 455
437 428
428 437
384 192
192 384
303 240
240 303
238 48
48 238
132 77
77 132
154 13
13 154
446 384
384 446
489 247
247 489
367 357
357 367
224 153
153 224
485 103
103 485
498 386
386 498
226 165
165 226
230 117
117 230
378 331
331 378
355 8
8 355
370 298
298 370
436 188
188 436
468 399
399 468
57 36
36 57
148 104
104 148
379 358
358 379
381 196
196 381
417 355
355 417
315 56
56 315
396 80
80 396
481 20
20 481
424 331
331 424
179 89
89 179
271 5
5 271
364 354
354 364
448 430
430 448
397 44
44 397
289 279
279 289
494 72
72 494
437 21
21 437
494 470
470 494
339 166
166 339
269 209
209 269
484 338
338 484
169 4
4 169
248 83
83 248
321 71
71 321
343 92
92 343
476 255
255 476
289 206
206 289
283 248
248 283
462 199
199 462
470 6
6 470
492 179
179 492
215 169
169 215
470 238
238 470
195 98
98 195
234 228
228 234
159 17
17 159
488 429
429 488
289 92
92 289
228 54
54 228
294 107
107 294
218 167
167 218
380 288
288 380
419 402
402 419
406 219
219 406
234 80
80 234
422 257
257 422
310 50
50 310
347 255
255 347
236 234
234 236
337 62
62 337
32 18
18 32
412 277
277 412
442 17
17 442
415 33
33 415
452 404
404 452
436 323
323 436
336 322
322 336
257 191
191 257
352 248
248 352
21 13
13 21
220 49
49 220
403 105
105 403
227 222
222 227
57 27
27 57
398 233
233 398
446 130
130 446
286 206
206 286
370 173
173 370
181 65
65 181
392 28
28 392
351 208
208 351
225 41
41 225
248 155
155 248
113 46
46 113
357 342
342 357
313 113
113 313
395 183
183 395
347 209
209 347
335 301
301 335
438 433
433 438
419 324
324 419
321 310
310 321
301 213
213 301
178 141
141 178
333 146
146 333
493 296
296 493
284 193
193 284
158 64
64 158
238 230
230 238
191 90
90 191
39 38
38 39
334 292
292 334
318 297
297 318
108 51
51 108
220 67
67 220
407 227
227 407
471 257
257 471
337 79
79 337
426 341
341 426
267 47
47 267
237 75
75 237
291 243
243 291
215 125
125 215
362 315
315 362
422 58
58 422
248 217
217 248
163 56
56 163
480 430
430 480
402 266
266 402
467 110
110 467
295 291
291 295
230 160
160 230
365 63
63 365
349 248
248 349
140 8
8 140
377 26
26 377
225 134
134 225
130 8
8 130
341 304
304 341
280 52
52 280
317 168
168 317
158 3
3 158
96 40
40 96
248 32
32 248
329 298
298 329
323 122
122 323
467 157
157 467
458 385
385 458
310 229
229 310
464 341
341 464
478 25
25 478
390 350
350 390
308 160
160 308
447 2
2 447
271 60
60 271
437 72
72 437
105 35
35 105
313 307
307 313
437 339
339 437
493 73
73 493
355 204
204 355
78 62
62 78
442 383
383 442
280 1
1 280
461 57
57 461
420 184
184 420
366 198
198 366
51 33
33 51
336 129
129 336
313 124
124 313
371 83
83 371
304 74
74 304
283 63
63 283
338 61
61 338
408 106
106 408
84 77
77 84
278 94
94 278
476 64
64 476
281 163
163 281
486 276
276 486
225 120
120 225
311 176
176 311
471 293
293 471
186 91
91 186
323 239
239 323
204 182
182 204
484 32
32 484
129 13
13 129
421 367
367 421
490 361
361 490
298 110
110 298
433 393
393 433
201 79
79 201
377 298
298 377
336 93
93 336
340 134
134 340
417 9
9 417
494 171
171 494
415 96
96 415
248 28
28 248
369 105
105 369
336 59
59 336
316 42
42 316
37 31
31 37
230 136
136 230
389 252
252 389
171 48
48 171
478 100
100 478
447 113
113 447
450 36
36 450
354 246
246 354
467 334
334 467
366 272
272 366
467 180
180 467
423 4
4 423
411 277
277 411
432 155
155 432
371 87
87 371
347 175
175 347
451 374
374 451
453 55
55 453
322 251
251 322
59 25
25 59
307 154
154 307
172 9
9 172
276 185
185 276
352 261
261 352
303 110
110 303
433 241
241 433
388 297
297 388
357 4
4 357
44 29
29 44
415 146
146 415
262 217
217 262
369 187
187 369
303 56
56 303
446 35
35 446
158 55
55 158
266 127
127 266
11 7
7 11
366 48
48 366
381 186
186 381
282 186
186 282
380 298
298 380
399 183
183 399
285 247
247 285
415 389
389 415
330 44
44 330
93 70
70 93
295 213
213 295
221 199
199 221
246 183
183 246
381 379
379 381
376 315
315 376
235 10
10 235
285 4
4 285
414 81
81 414
356 244
244 356
440 75
75 440
453 15
15 453
264 139
139 264
388 375
375 388
136 38
38 136
479 247
247 479
378 299
299 378
336 223
223 336
475 158
158 475
483 346
346 483
196 156
156 196
436 406
406 436
121 97
97 121
135 118
118 135
396 273
273 396
101 47
47 101
428 65
65 428
372 319
319 372
449 421
421 449
484 418
418 484
247 124
124 247
416 273
273 416
146 117
117 146
444 354
354 444
354 77
77 354
328 301
301 328
271 73
73 271
101 68
68 101
487 81
81 487
457 221
221 457
449 442
442 449
499 260
260 499
459 404
404 459
432 350
350 432
223 118
118 223
357 176
176 357
328 108
108 328
84 62
62 84
105 51
51 105
406 162
162 406
66 59
59 66
264 204
204 264
286 82
82 286
321 138
138 321
217 193
193 217
192 135
135 192
480 61
61 480
305 46
46 305
487 345
345 487
470 310
310 470
282 22
22 282
470 433
433 470
243 153
153 243
301 231
231 301
288 144
144 288
299 75
75 299
281 25
25 281
287 27
27 287
421 108
108 421
494 267
267 494
407 388
388 407
418 358
358 418
298 188
188 298
335 279
279 335
271 233
233 271
414 150
150 414
190 130
130 190
349 134
134 349
285 204
204 285
462 283
283 462
181 5
5 181
173 64
64 173
246 217
217 246
297 48
48 297
253 18
18 253
478 419
419 478
496 147
147 496
357 248
248 357
273 69
69 273
449 236
236 449
366 125
125 366
281 16
16 281
317 107
107 317
492 191
191 492
308 13
13 308
248 209
209 248
355 165
165 355
244 234
234 244
426 345
345 426
419 201
201 419
466 368
368 466
103 92
92 103
214 63
63 214
396 66
66 396
322 197
197 322
380 73
73 380
497 207
207 497
124 10
10 124
129 120
120 129
432 251
251 432
333 185
185 333
359 80
80 359
415 78
78 415
464 295
295 464
343 114
114 343
263 229
229 263
392 315
315 392
475 151
151 475
442 406
406 442
477 79
79 477
400 372
372 400
460 332
332 460
489 436
436 489
426 259
259 426
475 177
177 475
323 256
256 323
399 306
306 399
411 85
85 411
269 8
8 269
327 225
225 327
246 3
3 246
383 44
44 383
360 27
27 360
32 24
24 32
215 53
53 215
269 147
147 269
357 338
338 357
475 8
8 475
365 361
361 365
200 68
68 200
262 211
211 262
275 95
95 275
491 32
32 491
372 172
172 372
448 315
315 448
415 60
60 415
145 20
20 145
457 86
86 457
272 6
6 272
355 278
278 355
270 227
227 270
412 203
203 412
470 315
315 470
215 189
189 215
275 196
196 275
484 126
126 484
395 228
228 395
433 24
24 433
208 186
186 208
362 102
102 362
419 3
3 419
443 136
136 443
304 297
297 304
208 129
129 208
496 83
83 496
456 181
181 456
191 75
75 191
142 88
88 142
319 28
28 319
197 82
82 197
373 145
145 373
179 165
165 179
299 183
183 299
350 45
45 350
306 281
281 306
279 16
16 279
318 110
110 318
445 150
150 445
462 268
268 462
428 83
83 428
399 215
215 399
125 29
29 125
179 15
15 179
479 402
402 479
348 154
154 348
268 210
210 268
350 259
259 350
373 209
209 373
300 252
252 300
289 224
224 289
261 46
46 261
269 193
193 269
314 308
308 314
245 240
240 245
79 28
28 79
357 290
290 357
149 125
125 149
485 174
174 485
334 47
47 334
499 178
178 499
347 210
210 347
370 211
211 370
225 190
190 225
430 70
70 430
135 23
23 135
173 58
58 173
476 190
190 476
447 107
107 447
492 406
406 492
405 50
50 405
52 18
18 52
361 297
297 361
476 127
127 476
253 27
27 253
462 271
271 462
221 162
162 221
460 151
151 460
314 302
302 314
362 296
296 362
227 54
54 227
337 147
147 337
465 82
82 465
167 152
152 167
495 127
127 495
247 33
33 247
456 209
209 456
473 301
301 473
314 67
67 314
324 34
34 324
498 99
99 498
432 224
224 432
474 354
354 474
248 114
114 248
480 396
396 480
331 242
242 331
208 105
105 208
352 158
158 352
29 10
10 29
447 240
240 447
171 125
125 171
381 235
235 381
487 182
182 487
284 132
132 284
498 487
487 498
249 85
85 249
480 209
209 480
356 223
223 356
382 147
147 382
97 20
20 97
207 188
188 207
413 266
266 413
427 75
75 427
472 156
156 472
450 141
141 450
394 56
56 394
260 9
9 260
367 326
326 367
84 31
31 84
15 1
1 15
349 39
39 349
414 230
230 414
297 274
274 297
478 312
312 478
329 45
45 329
133 125
125 133
342 117
117 342
491 35
35 491
484 403
403 484
312 253
253 312
464 17
17 464
230 86
86 230
238 234
234 238
453 426
426 453
49 28
28 49
347 58
58 347
417 13
13 417
16 5
5 16
420 396
396 420
385 101
101 385
391 328
328 391
470 72
72 470
494 164
164 494
124 28
28 124
348 121
121 348
400 384
384 400
339 80
80 339
425 84
84 425
327 69
69 327
480 366
366 480
389 222
222 389
471 340
340 471
462 359
359 462
404 158
158 404
335 140
140 335
93 54
54 93
418 219
219 418
253 244
244 253
275 27
27 275
216 73
73 216
77 57
57 77
420 148
148 420
249 35
35 249
85 58
58 85
410 165
165 410
338 189
189 338
420 284
284 420
184 70
70 184
351 241
241 351
454 305
305 454
269 244
244 269
398 343
343 398
244 13
13 244
417 98
98 417
316 152
152 316
295 244
244 295
395 274
274 395
496 89
89 496
442 21
21 442
440 163
163 440
366 310
310 366
235 26
26 235
463 253
253 463
470 219
219 470
467 124
124 467
434 327
327 434
174 46
46 174
436 88
88 436
448 345
345 448
103 17
17 103
425 410
410 425
402 362
362 402
362 169
169 362
366 47
47 366
297 174
174 297
172 64
64 172
355 52
52 355
366 222
222 366
320 263
263 320
200 125
125 200
313 117
117 313
391 246
246 391
387 357
357 387
489 295
295 489
402 379
379 402
220 148
148 220
379 328
328 379
135 117
117 135
362 35
35 362
453 215
215 453
470 393
393 470
211 136
136 211
446 329
329 446
390 108
108 390
435 332
332 435
397 36
36 397
372 310
310 372
216 34
34 216
119 78
78 119
97 83
83 97
257 200
200 257
240 191
191 240
226 71
71 226
466 360
360 466
357 216
216 357
473 33
33 473
330 253
253 330
479 378
378 479
288 195
195 288
414 314
314 414
70 29
29 70
338 94
94 338
390 214
214 390
430 52
52 430
438 319
319 438
122 70
70 122
252 106
106 252
349 245
245 349
258 256
256 258
168 148
148 168
480 101
101 480
263 231
231 263
420 36
36 420
216 91
91 216
64 54
54 64
489 421
421 489
453 373
373 453
267 77
77 267
243 2
2 243
373 113
113 373
424 130
130 424
62 17
17 62
395 379
379 395
358 137
137 358
224 65
65 224
317 55
55 317
331 35
35 331
355 202
202 355
292 232
232 292
367 55
55 367
61 7
7 61
428 301
301 428
439 215
215 439
473 166
166 473
487 155
155 487
237 29
29 237
378 83
83 378
179 134
134 179
369 223
223 369
374 171
171 374
348 224
224 348
473 80
80 473
249 107
107 249
367 190
190 367
172 167
167 172
477 394
394 477
347 294
294 347
497 55
55 497
424 159
159 424
225 129
129 225
489 37
37 489
337 108
108 337
405 100
100 405
372 213
213 372
382 81
81 382
381 142
142 381
75 68
68 75
145 68
68 145
305 244
244 305
273 55
55 273
421 420
420 421
401 291
291 401
357 69
69 357
485 143
143 485
486 121
121 486
494 101
101 494
279 75
75 279
311 207
207 311
405 116
116 405
446 437
437 446
400 45
45 400
317 54
54 317
438 219
219 438
432 235
235 432
403 109
109 403
103 95
95 103
276 130
130 276
251 25
25 251
242 12
12 242
424 140
140 424
367 54
54 367
475 30
30 475
484 69
69 484
406 384
384 406
265 101
101 265
374 289
289 374
193 154
154 193
415 294
294 415
408 28
28 408
466 261
261 466
337 336
336 337
441 260
260 441
94 54
54 94
326 12
12 326
487 300
300 487
478 187
187 478
359 286
286 359
441 298
298 441
475 161
161 475
440 390
390 440
437 75
75 437
292 233
233 292
256 73
73 256
469 79
79 469
413 190
190 413
302 100
100 302
132 109
109 132
303 160
160 303
482 208
208 482
447 71
71 447
254 134
134 254
444 62
62 444
379 204
204 379
438 137
137 438
494 83
83 494
275 148
148 275
437 108
108 437
427 330
330 427
431 239
239 431
405 374
374 405
361 36
36 361
135 37
37 135
228 171
171 228
27 14
14 27
480 226
226 480
378 115
115 378
129 64
64 129
490 486
486 490
304 196
196 304
391 323
323 391
466 254
254 466
344 319
319 344
367 275
275 367
411 356
356 411
406 333
333 406
196 98
98 196
305 13
13 305
106 11
11 106
496 42
42 496
142 106
106 142
497 164
164 497
348 113
113 348
259 141
141 259
382 247
247 382
168 122
122 168
253 164
164 253
299 239
239 299
378 159
159 378
396 253
253 396
488 400
400 488
244 124
124 244
469 427
427 469
442 367
367 442
416 177
177 416
227 93
93 227
357 264
264 357
305 176
176 305
298 144
144 298
442 222
222 442
120 99
99 120
441 182
182 441
453 376
376 453
442 37
37 442
109 30
30 109
298 174
174 298
476 100
100 476
487 481
481 487
316 268
268 316
428 132
132 428
264 227
227 264
383 146
146 383
402 183
183 402
265 87
87 265
302 167
167 302
213 74
74 213
463 198
198 463
445 292
292 445
314 40
40 314
426 31
31 426
304 237
237 304
218 172
172 218
443 22
22 443
430 26
26 430
238 158
158 238
368 240
240 368
373 202
202 373
434 11
11 434
214 148
148 214
336 281
281 336
374 19
19 374
311 139
139 311
493 323
323 493
254 13
13 254
362 268
268 362
346 16
16 346
384 382
382 384
252 159
159 252
433 370
370 433
111 28
28 111
386 118
118 386
408 14
14 408
491 388
388 491
390 75
75 390
442 399
399 442
249 22
22 249
248 65
65 248
403 70
70 403
176 163
163 176
242 203
203 242
484 15
15 484
483 250
250 483
486 84
84 486
350 237
237 350
458 404
404 458
488 457
457 488
117 30
30 117
355 260
260 355
355 276
276 355
120 33
33 120
275 85
85 275
427 14
14 427
363 195
195 363
279 221
221 279
289 6
6 289
493 60
60 493
495 288
288 495
64 38
38 64
222 125
125 222
274 22
22 274
270 247
247 270
424 132
132 424
452 421
421 452
488 101
101 488
415 331
331 415
267 18
18 267
466 312
312 466
161 112
112 161
437 128
128 437
314 138
138 314
389 327
327 389
238 229
229 238
275 81
81 275
319 157
157 319
310 103
103 310
484 416
416 484
27 19
19 27
394 225
225 394
417 156
156 417
197 162
162 197
439 373
373 439
453 41
41 453
288 276
276 288
479 369
369 479
123 48
48 123
499 241
241 499
394 350
350 394
259 240
240 259
293 149
149 293
229 131
131 229
496 472
472 496
336 212
212 336
379 364
364 379
478 188
188 478
485 397
397 485
415 354
354 415
120 103
103 120
397 144
144 397
462 200
200 462
140 103
103 140
156 75
75 156
481 454
454 481
263 170
170 263
440 325
325 440
407 100
100 407
273 248
248 273
221 6
6 221
449 83
83 449
449 243
243 449
133 82
82 133
232 182
182 232
163 37
37 163
293 17
17 293
462 325
325 462
288 74
74 288
491 22
22 491
298 11
11 298
343 40
40 343
69 44
44 69
465 89
89 465
329 127
127 329
263 5
5 263
274 220
220 274
392 335
335 392
498 358
358 498
289 187
187 289
437 383
383 437
442 6
6 442
485 60
60 485
295 199
199 295
182 101
101 182
360 246
246 360
345 165
165 345
134 128
128 134
326 92
92 326
446 299
299 446
450 244
244 450
384 261
261 384
475 135
135 475
92 24
24 92
369 168
168 369
294 32
32 294
229 31
31 229
278 201
201 278
375 290
290 375
431 118
118 431
446 359
359 446
217 36
36 217
429 346
346 429
258 196
196 258
350 304
304 350
260 32
32 260
163 121
121 163
432 252
252 432
427 298
298 427
422 375
375 422
239 50
50 239
145 100
100 145
320 64
64 320
195 57
57 195
435 262
262 435
167 28
28 167
306 31
31 306
460 397
397 460
425 308
308 425
79 12
12 79
337 239
239 337
118 87
87 118
400 176
176 400
331 139
139 331
168 64
64 168
271 94
94 271
239 121
121 239
281 119
119 281
400 97
97 400
141 140
140 141
342 30
30 342
172 62
62 172
456 148
148 456
262 39
39 262
332 310
310 332
452 56
56 452
231 17
17 231
305 256
256 305
191 92
92 191
387 246
246 387
210 127
127 210
410 257
257 410
321 284
284 321
482 416
416 482
247 42
42 247
300 22
22 300
292 49
49 292
321 186
186 321
493 291
291 493
305 35
35 305
359 187
187 359
120 29
29 120
300 193
193 300
406 286
286 406
475 313
313 475
347 89
89 347
84 14
14 84
425 361
361 425
437 168
168 437
485 341
341 485
377 91
91 377
480 347
347 480
67 31
31 67
321 160
160 321
49 39
39 49
399 314
314 399
444 118
118 444
494 145
145 494
432 24
24 432
159 103
103 159
324 143
143 324
433 232
232 433
270 48
48 270
383 12
12 383
475 273
273 475
238 21
21 238
302 279
279 302
344 291
291 344
320 144
144 320
408 192
192 408
332 316
316 332
255 245
245 255
201 86
86 201
473 141
141 473
211 48
48 211
441 29
29 441
318 82
82 318
431 80
80 431
400 338
338 400
463 266
266 463
380 235
235 380
349 317
317 349
273 49
49 273
337 21
21 337
204 63
63 204
207 112
112 207
350 157
157 350
326 53
53 326
197 54
54 197
304 204
204 304
222 172
172 222
416 415
415 416
474 445
445 474
425 301
301 425
411 212
212 411
236 132
132 236
440 254
254 440
476 60
60 476
273 217
217 273
76 35
35 76
449 198
198 449
375 97
97 375
457 54
54 457
305 243
243 305
321 169
169 321
177 103
103 177
120 81
81 120
484 395
395 484
374 278
278 374
378 193
193 378
300 131
131 300
445 350
350 445
294 250
250 294
35 13
13 35
313 292
292 313
257 250
250 257
429 373
373 429
302 104
104 302
488 422
422 488
451 301
301 451
173 103
103 173
236 170
170 236
80 51
51 80
83 74
74 83
111 23
23 111
420 274
274 420
452 140
140 452
434 424
424 434
149 71
71 149
362 204
204 362
372 26
26 372
329 88
88 329
296 5
5 296
464 277
277 464
433 155
155 433
490 335
335 490
89 70
70 89
419 142
142 419
254 142
142 254
341 73
73 341
340 136
136 340
487 314
314 487
304 287
287 304
470 376
376 470
483 174
174 483
473 193
193 473
495 405
405 495
404 124
124 404
384 372
372 384
352 1
1 352
305 114
114 305
282 29
29 282
311 198
198 311
466 121
121 466
265 79
79 265
400 179
179 400
390 129
129 390
483 462
462 483
364 139
139 364
179 3
3 179
415 224
224 415
498 328
328 498
364 328
328 364
389 373
373 389
402 42
42 402
337 279
279 337
335 332
332 335
423 63
63 423
431 377
377 431
436 180
180 436
235 29
29 235
496 386
386 496
291 11
11 291
451 224
224 451
426 144
144 426
240 237
237 240
363 265
265 363
479 339
339 479
383 67
67 383
276 193
193 276
282 111
111 282
357 300
300 357
496 408
408 496
185 139
139 185
365 317
317 365
240 211
211 240
322 101
101 322
294 244
244 294
475 172
172 475
355 13
13 355
434 205
205 434
427 215
215 427
157 114
114 157
340 55
55 340
163 8
8 163
343 288
288 343
274 96
96 274
432 323
323 432
495 342
342 495
451 67
67 451
470 119
119 470
195 115
115 195
249 112
112 249
467 22
22 467
135 82
82 135
322 129
129 322
324 65
65 324
365 130
130 365
168 46
46 168
479 80
80 479
496 290
290 496
140 60
60 140
188 77
77 188
275 24
24 275
341 147
147 341
379 371
371 379
421 397
397 421
474 115
115 474
201 14
14 201
245 213
213 245
368 235
235 368
267 197
197 267
465 320
320 465
372 192
192 372
62 61
61 62
408 54
54 408
153 138
138 153
375 103
103 375
209 183
183 209
161 76
76 161
243 231
231 243
361 170
170 361
263 166
166 263
180 102
102 180
441 48
48 441
347 40
40 347
405 253
253 405
221 114
114 221
438 93
93 438
427 50
50 427
403 116
116 403
271 153
153 271
363 126
126 363
49 6
6 49
272 191
191 272
331 182
182 331
287 260
260 287
404 313
313 404
344 241
241 344
331 37
37 331
325 87
87 325
161 65
65 161
101 30
30 101
239 109
109 239
445 139
139 445
332 290
290 332
359 311
311 359
277 37
37 277
398 291
291 398
143 34
34 143
357 201
201 357
311 253
253 311
338 310
310 338
493 240
240 493
472 160
160 472
423 404
404 423
317 85
85 317
110 67
67 110
431 164
164 431
454 132
132 454
282 132
132 282
472 157
157 472
335 296
296 335
356 262
262 356
273 34
34 273
261 175
175 261
472 372
372 472
459 44
44 459
237 134
134 237
224 138
138 224
101 51
51 101
483 384
384 483
128 14
14 128
179 169
169 179
351 98
98 351
70 45
45 70
429 335
335 429
491 126
126 491
207 56
56 207
274 62
62 274
313 167
167 313
398 166
166 398
371 287
287 371
440 141
141 440
282 158
158 282
164 153
153 164
83 55
55 83
312 283
283 312
349 63
63 349
330 191
191 330
264 33
33 264
411 278
278 411
450 16
16 450
187 77
77 187
460 29
29 460
500 219
219 500
404 99
99 404
345 124
124 345
366 189
189 366
452 19
19 452
189 32
32 189
485 305
305 485
217 178
178 217
485 362
362 485
198 61
61 198
496 18
18 496
349 295
295 349
451 92
92 451
244 69
69 244
496 25
25 496
493 347
347 493
483 142
142 483
70 36
36 70
50 27
27 50
461 208
208 461
333 275
275 333
268 187
187 268
478 370
370 478
395 41
41 395
475 431
431 475
349 116
116 349
412 86
86 412
402 202
202 402
457 36
36 457
247 114
114 247
160 126
126 160
332 117
117 332
475 87
87 475
485 411
411 485
265 237
237 265
474 86
86 474
367 246
246 367
356 117
117 356
458 401
401 458
409 295
295 409
499 249
249 499
488 65
65 488
436 314
314 436
335 225
225 335
229 71
71 229
476 37
37 476
483 101
101 483
265 176
176 265
348 256
256 348
225 25
25 225
325 198
198 325
211 19
19 211
350 112
112 350
235 221
221 235
413 362
362 413
362 168
168 362
428 203
203 428
428 340
340 428
306 210
210 306
183 79
79 183
476 466
466 476
327 245
245 327
474 316
316 474
99 49
49 99
175 166
166 175
301 119
119 301
412 182
182 412
431 378
378 431
298 99
99 298
112 108
108 112
357 110
110 357
487 273
273 487
222 115
115 222
423 160
160 423
470 93
93 470
376 155
155 376
319 58
58 319
286 199
199 286
449 383
383 449
435 111
111 435
411 409
409 411
202 188
188 202
67 66
66 67
333 163
163 333
499 477
477 499
282 9
9 282
357 63
63 357
352 182
182 352
434 105
105 434
417 334
334 417
254 67
67 254
271 84
84 271
312 280
280 312
166 116
116 166
405 59
59 405
264 161
161 264
391 106
106 391
273 263
263 273
396 380
380 396
352 288
288 352
495 389
389 495
402 284
284 402
379 346
346 379
134 94
94 134
411 116
116 411
289 34
34 289
267 164
164 267
398 120
120 398
114 51
51 114
358 303
303 358
476 262
262 476
258 185
185 258
435 347
347 435
164 91
91 164
444 245
245 444
267 90
90 267
129 2
2 129
479 476
476 479
354 227
227 354
467 26
26 467
109 24
24 109
166 20
20 166
330 94
94 330
58 33
33 58
357 46
46 357
360 130
130 360
285 246
246 285
175 170
170 175
368 58
58 368
340 293
293 340
211 168
168 211
467 53
53 467
394 54
54 394
334 245
245 334
445 278
278 445
172 30
30 172
383 10
10 383
346 303
303 346
210 179
179 210
491 361
361 491
343 333
333 343
367 151
151 367
351 18
18 351
416 290
290 416
256 20
20 256
393 368
368 393
364 94
94 364
383 322
322 383
498 414
414 498
276 214
214 276
436 359
359 436
485 166
166 485
488 455
455 488
475 182
182 475
112 12
12 112
483 459
459 483
64 26
26 64
255 82
82 255
381 174
174 381
440 129
129 440
163 115
115 163
333 130
130 333
322 317
317 322
332 124
124 332
315 145
145 315
462 5
5 462
493 465
465 493
489 153
153 489
356 182
182 356
174 64
64 174
229 198
198 229
389 13
13 389
223 47
47 223
363 153
153 363
141 117
117 141
213 72
72 213
427 342
342 427
487 159
159 487
469 267
267 469
478 63
63 478
420 334
334 420
443 346
346 443
350 29
29 350
302 294
294 302
259 246
246 259
204 44
44 204
397 71
71 397
269 168
168 269
392 232
232 392
217 114
114 217
397 222
222 397
483 120
120 483
237 93
93 237
289 167
167 289
273 238
238 273
114 1
1 114
229 128
128 229
387 360
360 387
398 276
276 398
475 341
341 475
263 56
56 263
278 63
63 278
196 194
194 196
125 105
105 125
344 95
95 344
410 132
132 410
373 95
95 373
423 370
370 423
199 195
195 199
235 109
109 235
449 408
408 449
401 354
354 401
174 148
148 174
192 132
132 192
423 8
8 423
344 136
136 344
446 363
363 446
380 3
3 380
361 105
105 361
474 398
398 474
490 225
225 490
296 135
135 296
254 118
118 254
361 73
73 361
320 199
199 320
433 391
391 433
292 41
41 292
305 93
93 305
462 209
209 462
401 33
33 401
220 98
98 220
474 378
378 474
298 72
72 298
105 28
28 105
275 37
37 275
277 232
232 277
268 237
237 268
399 21
21 399
324 125
125 324
368 194
194 368
371 54
54 371
496 438
438 496
295 40
40 295
247 153
153 247
260 43
43 260
262 142
142 262
390 161
161 390
451 254
254 451
246 89
89 246
476 71
71 476
138 96
96 138
470 55
55 470
393 96
96 393
448 123
123 448
349 238
238 349
97 49
49 97
498 369
369 498
211 177
177 211
445 131
131 445
229 84
84 229
93 68
68 93
302 196
196 302
193 156
156 193
386 356
356 386
461 144
144 461
500 421
421 500
478 374
374 478
286 99
99 286
485 22
22 485
135 92
92 135
359 95
95 359
316 264
264 316
35 6
6 35
205 147
147 205
269 19
19 269
336 111
111 336
456 280
280 456
153 41
41 153
188 55
55 188
157 144
144 157
487 9
9 487
329 312
312 329
412 268
268 412
198 68
68 198
105 100
100 105
486 20
20 486
440 301
301 440
465 78
78 465
303 218
218 303
414 3
3 414
257 173
173 257
266 237
237 266
143 136
136 143
394 9
9 394
155 19
19 155
365 263
263 365
354 315
315 354
426 52
52 426
149 23
23 149
417 314
314 417
394 188
188 394
182 8
8 182
292 290
290 292
398 222
222 398
481 94
94 481
291 238
238 291
242 194
194 242
204 126
126 204
369 120
120 369
365 349
349 365
393 177
177 393
168 123
123 168
222 216
216 222
492 38
38 492
453 38
38 453
133 29
29 133
334 271
271 334
93 76
76 93
289 36
36 289
377 70
70 377
428 354
354 428
281 243
243 281
253 128
128 253
486 122
122 486
230 205
205 230
233 72
72 233
189 8
8 189
320 121
121 320
449 392
392 449
152 124
124 152
119 35
35 119
358 61
61 358
101 79
79 101
36 2
2 36
403 140
140 403
161 52
52 161
443 19
19 443
413 174
174 413
404 56
56 404
388 44
44 388
387 263
263 387
278 92
92 278
392 206
206 392
358 270
270 358
499 346
346 499
460 142
142 460
385 299
299 385
235 135
135 235
465 50
50 465
136 14
14 136
287 190
190 287
452 333
333 452
234 220
220 234
69 47
47 69
380 225
225 380
282 219
219 282
430 366
366 430
256 130
130 256
235 8
8 235
244 92
92 244
390 196
196 390
307 170
170 307
284 281
281 284
475 221
221 475
178 32
32 178
51 6
6 51
442 127
127 442
380 219
219 380
226 199
199 226
369 326
326 369
147 63
63 147
423 384
384 423
259 34
34 259
242 181
181 242
444 237
237 444
456 278
278 456
454 296
296 454
150 114
114 150
350 243
243 350
448 434
434 448
193 51
51 193
439 362
362 439
491 59
59 491
430 152
152 430
273 77
77 273
409 364
364 409
281 15
15 281
336 13
13 336
394 157
157 394
462 422
422 462
312 144
144 312
206 62
62 206
389 55
55 389
446 117
117 446
376 109
109 376
322 309
309 322
262 203
203 262
457 217
217 457
264 81
81 264
341 254
254 341
265 175
175 265
223 22
22 223
91 39
39 91
403 83
83 403
413 311
311 413
277 156
156 277
159 37
37 159
120 94
94 120
483 266
266 483
255 217
217 255
365 162
162 365
308 153
153 308
433 284
284 433
313 93
93 313
443 440
440 443
237 63
63 237
262 6
6 262
287 156
156 287
90 67
67 90
449 49
49 449
499 367
367 499
348 203
203 348
310 110
110 310
429 380
380 429
155 11
11 155
496 318
318 496
141 20
20 141
354 27
27 354
426 406
406 426
173 85
85 173
448 447
447 448
309 22
22 309
439 224
224 439
346 118
118 346
283 244
244 283
161 64
64 161
358 54
54 358
87 61
61 87
254 94
94 254
421 9
9 421
436 427
427 436
297 41
41 297
272 247
247 272
226 1
1 226
375 70
70 375
469 1
1 469
245 174
174 245
466 149
149 466
211 1
1 211
335 54
54 335
144 1
1 144
433 288
288 433
299 198
198 299
289 33
33 289
191 131
131 191
454 81
81 454
415 39
39 415
347 248
248 347
258 142
142 258
387 64
64 387
376 324
324 376
427 339
339 427
406 302
302 406
469 99
99 469
420 368
368 420
429 187
187 429
490 155
155 490
332 142
142 332
353 311
311 353
270 162
162 270
436 136
136 436
341 128
128 341
237 54
54 237
421 118
118 421
357 82
82 357
347 334
334 347
423 186
186 423
498 396
396 498
343 238
238 343
379 265
265 379
489 268
268 489
229 193
193 229
312 199
199 312
37 10
10 37
166 81
81 166
386 215
215 386
457 164
164 457
412 146
146 412
284 124
124 284
314 168
168 314
439 210
210 439
215 69
69 215
68 15
15 68
264 164
164 264
446 58
58 446
247 108
108 247
448 297
297 448
135 19
19 135
374 292
292 374
189 154
154 189
471 139
139 471
425 52
52 425
442 48
48 442
449 366
366 449
348 193
193 348
346 153
153 346
414 278
278 414
285 162
162 285
476 407
407 476
435 230
230 435
174 124
124 174
218 9
9 218
202 4
4 202
430 65
65 430
293 219
219 293
214 101
101 214
477 465
465 477
65 54
54 65
384 252
252 384
499 117
117 499
446 430
430 446
332 100
100 332
319 144
144 319
367 144
144 367
280 171
171 280
411 383
383 411
490 154
154 490
316 284
284 316
335 246
246 335
437 365
365 437
389 261
261 389
462 296
296 462
396 182
182 396
496 254
254 496
469 24
24 469
329 197
197 329
251 197
197 251
485 169
169 485
91 2
2 91
312 106
106 312
447 56
56 447
456 286
286 456
203 105
105 203
370 111
111 370
116 21
21 116
172 72
72 172
411 23
23 411
87 53
53 87
384 76
76 384
497 20
20 497
481 372
372 481
333 1
1 333
444 28
28 444
470 242
242 470
92 61
61 92
497 240
240 497
406 358
358 406
391 146
146 391
414 61
61 414
90 41
41 90
399 89
89 399
224 149
149 224
296 193
193 296
449 25
25 449
418 141
141 418
379 263
263 379
359 295
295 359
396 211
211 396
127 98
98 127
162 142
142 162
106 58
58 106
442 392
392 442
340 72
72 340
473 214
214 473
391 369
369 391
363 108
108 363
277 230
230 277
333 122
122 333
315 121
121 315
254 148
148 254
325 216
216 325
215 178
178 215
247 36
36 247
386 194
194 386
404 50
50 404
218 128
128 218
426 418
418 426
198 107
107 198
198 175
175 198
397 127
127 397
470 425
425 470
290 203
203 290
411 19
19 411
490 324
324 490
483 244
244 483
381 192
192 381
364 276
276 364
361 156
156 361
63 61
61 63
452 450
450 452
446 383
383 446
203 84
84 203
409 146
146 409
136 60
60 136
460 412
412 460
487 449
449 487
371 318
318 371
434 342
342 434
189 51
51 189
375 271
271 375
467 142
142 467
356 105
105 356
422 46
46 422
332 149
149 332
297 43
43 297
455 399
399 455
362 130
130 362
386 345
345 386
361 243
243 361
415 264
264 415
146 38
38 146
158 1
1 158
497 168
168 497
203 59
59 203
353 345
345 353
371 367
367 371
152 46
46 152
291 280
280 291
474 450
450 474
427 80
80 427
458 137
137 458
430 415
415 430
392 254
254 392
470 367
367 470
386 372
372 386
310 305
305 310
193 90
90 193
414 215
215 414
436 179
179 436
433 63
63 433
400 396
396 400
402 44
44 402
98 2
2 98
487 304
304 487
264 233
233 264
360 308
308 360
265 260
260 265
369 225
225 369
444 308
308 444
227 58
58 227
386 199
199 386
254 171
171 254
388 182
182 388
413 149
149 413
232 145
145 232
434 303
303 434
289 168
168 289
303 48
48 303
211 153
153 211
216 41
41 216
190 66
66 190
393 328
328 393
309 86
86 309
459 105
105 459
402 96
96 402
235 167
167 235
365 215
215 365
377 180
180 377
257 66
66 257
235 70
70 235
409 174
174 409
401 253
253 401
429 214
214 429
222 45
45 222
459 110
110 459
397 295
295 397
249 83
83 249
432 85
85 432
338 316
316 338
317 196
196 317
136 71
71 136
453 398
398 453
321 222
222 321
344 238
238 344
487 125
125 487
253 149
149 253
458 406
406 458
393 152
152 393
119 58
58 119
397 154
154 397
231 138
138 231
415 414
414 415
382 255
255 382
411 296
296 411
52 16
16 52
357 199
199 357
416 218
218 416
181 141
141 181
103 4
4 103
165 86
86 165
467 195
195 467
384 282
282 384
438 296
296 438
331 316
316 331
337 134
134 337
390 18
18 390
370 121
121 370
234 177
177 234
494 5
5 494
410 79
79 410
357 32
32 357
125 122
122 125
423 228
228 423
366 165
165 366
372 8
8 372
288 203
203 288
499 142
142 499
187 106
106 187
465 17
17 465
443 270
270 443
256 167
167 256
455 277
277 455
452 406
406 452
137 92
92 137
418 223
223 418
251 249
249 251
203 89
89 203
377 39
39 377
315 259
259 315
363 115
115 363
329 208
208 329
184 5
5 184
281 90
90 281
469 131
131 469
359 110
110 359
446 264
264 446
414 36
36 414
309 268
268 309
375 150
150 375
400 181
181 400
194 158
158 194
304 175
175 304
269 37
37 269
436 271
271 436
499 101
101 499
129 20
20 129
441 284
284 441
259 11
11 259
147 43
43 147
469 432
432 469
368 331
331 368
334 168
168 334
419 299
299 419
49 10
10 49
461 278
278 461
413 326
326 413
291 220
220 291
278 160
160 278
141 51
51 141
110 3
3 110
335 253
253 335
235 168
168 235
453 177
177 453
381 203
203 381
364 205
205 364
252 92
92 252
321 308
308 321
472 307
307 472
155 42
42 155
413 50
50 413
499 352
352 499
259 27
27 259
335 186
186 335
291 273
273 291
480 255
255 480
449 224
224 449
322 223
223 322
387 216
216 387
274 265
265 274
458 119
119 458
436 200
200 436
386 359
359 386
424 135
135 424
463 275
275 463
375 343
343 375
429 167
167 429
291 41
41 291
486 458
458 486
396 177
177 396
329 16
16 329
248 140
140 248
467 176
176 467
261 196
196 261
136 116
116 136
190 158
158 190
493 409
409 493
418 254
254 418
408 117
117 408
430 186
186 430
493 425
425 493
440 14
14 440
139 48
48 139
370 146
146 370
450 54
54 450
328 44
44 328
444 184
184 444
485 431
431 485
421 139
139 421
426 376
376 426
416 413
413 416
465 241
241 465
488 340
340 488
211 69
69 211
338 97
97 338
325 238
238 325
346 107
107 346
370 324
324 370
302 130
130 302
439 405
405 439
387 250
250 387
412 100
100 412
357 214
214 357
406 190
190 406
401 314
314 401
434 36
36 434
207 102
102 207
166 139
139 166
235 40
40 235
194 114
114 194
317 280
280 317
301 125
125 301
409 64
64 409
468 119
119 468
103 61
61 103
352 147
147 352
407 390
390 407
346 44
44 346
371 14
14 371
497 383
383 497
392 250
250 392
207 100
100 207
336 133
133 336
344 21
21 344
111 29
29 111
367 77
77 367
487 267
267 487
153 89
89 153
302 276
276 302
169 119
119 169
442 160
160 442
444 348
348 444
442 138
138 442
191 6
6 191
403 230
230 403
383 332
332 383
481 327
327 481
279 62
62 279
326 81
81 326
456 418
418 456
446 12
12 446
349 261
261 349
454 73
73 454
378 314
314 378
348 93
93 348
112 53
53 112
459 411
411 459
184 96
96 184
301 191
191 301
469 357
357 469
395 231
231 395
181 109
109 181
241 143
143 241
444 244
244 444
428 208
208 428
460 306
306 460
444 318
318 444
472 155
155 472
218 77
77 218
331 177
177 331
461 422
422 461
418 375
375 418
234 11
11 234
295 107
107 295
332 105
105 332
212 177
177 212
242 195
195 242
369 366
366 369
321 290
290 321
487 19
19 487
181 94
94 181
363 355
355 363
375 269
269 375
498 415
415 498
366 225
225 366
369 75
75 369
259 192
192 259
312 238
238 312
106 101
101 106
417 75
75 417
321 145
145 321
201 123
123 201
380 92
92 380
438 175
175 438
496 350
350 496
153 43
43 153
442 241
241 442
368 38
38 368
111 78
78 111
259 150
150 259
224 58
58 224
458 145
145 458
246 229
229 246
209 61
61 209
411 97
97 411
373 162
162 373
275 195
195 275
458 319
319 458
88 67
67 88
473 130
130 473
389 100
100 389
431 348
348 431
480 370
370 480
429 414
414 429
299 24
24 299
299 5
5 299
202 59
59 202
344 133
133 344
440 361
361 440
421 282
282 421
275 125
125 275
261 216
216 261
446 235
235 446
159 99
99 159
493 61
61 493
463 118
118 463
140 61
61 140
462 140
140 462
280 3
3 280
273 224
224 273
401 201
201 401
363 189
189 363
407 48
48 407
499 16
16 499
384 229
229 384
296 76
76 296
403 170
170 403
263 141
141 263
330 2
2 330
461 211
211 461
52 42
42 52
243 82
82 243
286 66
66 286
314 221
221 314
464 201
201 464
392 133
133 392
279 117
117 279
268 224
224 268
492 57
57 492
370 96
96 370
377 170
170 377
489 235
235 489
289 29
29 289
172 94
94 172
216 74
74 216
433 163
163 433
435 286
286 435
423 321
321 423
441 265
265 441
250 131
131 250
492 346
346 492
243 78
78 243
480 184
184 480
290 35
35 290
404 402
402 404
483 270
270 483
463 128
128 463
314 284
284 314
496 92
92 496
453 21
21 453
303 51
51 303
345 244
244 345
146 61
61 146
419 57
57 419
256 25
25 256
391 196
196 391
239 132
132 239
363 48
48 363
357 323
323 357
332 190
190 332
492 287
287 492
38 15
15 38
300 30
30 300
404 393
393 404
482 203
203 482
355 220
220 355
453 156
156 453
93 38
38 93
432 292
292 432
118 93
93 118
413 340
340 413
403 320
320 403
283 40
40 283
405 362
362 405
487 394
394 487
387 235
235 387
499 168
168 499
202 52
52 202
456 154
154 456
431 47
47 431
467 201
201 467
374 36
36 374
200 176
176 200
467 390
390 467
345 8
8 345
436 22
22 436
213 104
104 213
37 5
5 37
456 234
234 456
467 268
268 467
474 213
213 474
300 92
92 300
398 33
33 398
218 202
202 218
200 119
119 200
434 361
361 434
350 155
155 350
345 162
162 345
171 132
132 171
474 456
456 474
350 332
332 350
203 1
1 203
136 65
65 136
459 188
188 459
325 66
66 325
305 161
161 305
467 122
122 467
326 23
23 326
114 86
86 114
409 232
232 409
446 396
396 446
222 96
96 222
262 7
7 262
142 53
53 142
451 167
167 451
331 247
247 331
326 319
319 326
336 239
239 336
261 83
83 261
500 182
182 500
266 102
102 266
376 43
43 376
360 233
233 360
425 136
136 425
166 65
65 166
161 3
3 161
486 1
1 486
423 372
372 423
436 350
350 436
355 323
323 355
219 91
91 219
277 53
53 277
378 45
45 378
497 302
302 497
257 109
109 257
452 241
241 452
111 35
35 111
414 49
49 414
218 81
81 218
279 268
268 279
337 292
292 337
407 336
336 407
461 15
15 461
376 136
136 376
370 152
152 370
62 50
50 62
240 117
117 240
232 223
223 232
267 130
130 267
260 8
8 260
229 56
56 229
277 59
59 277
290 126
126 290
429 150
150 429
355 157
157 355
444 182
182 444
445 354
354 445
341 255
255 341
491 242
242 491
343 163
163 343
480 178
178 480
412 28
28 412
100 52
52 100
365 13
13 365
445 172
172 445
415 147
147 415
415 25
25 415
253 195
195 253
435 234
234 435
423 59
59 423
279 182
182 279
405 215
215 405
434 79
79 434
441 413
413 441
393 140
140 393
210 19
19 210
102 2
2 102
280 121
121 280
301 105
105 301
356 264
264 356
325 12
12 325
404 240
240 404
482 286
286 482
158 98
98 158
256 101
101 256
492 24
24 492
302 299
299 302
364 140
140 364
488 233
233 488
310 43
43 310
487 478
478 487
316 58
58 316
443 283
283 443
227 197
197 227
243 198
198 243
472 396
396 472
451 119
119 451
430 308
308 430
453 255
255 453
490 150
150 490
235 185
185 235
297 286
286 297
495 302
302 495
358 281
281 358
165 82
82 165
295 116
116 295
487 168
168 487
488 386
386 488
212 165
165 212
420 225
225 420
100 24
24 100
122 68
68 122
427 129
129 427
343 247
247 343
139 136
136 139
244 15
15 244
421 293
293 421
305 184
184 305
258 248
248 258
305 91
91 305
381 262
262 381
270 12
12 270
64 10
10 64
87 56
56 87
426 368
368 426
459 93
93 459
155 91
91 155
363 159
159 363
438 94
94 438
389 64
64 389
244 50
50 244
442 364
364 442
496 96
96 496
209 197
197 209
105 63
63 105
486 224
224 486
486 443
443 486
383 28
28 383
407 34
34 407
86 22
22 86
152 17
17 152
200 26
26 200
471 385
385 471
430 286
286 430
159 125
125 159
349 252
252 349
133 51
51 133
289 180
180 289
485 332
332 485
109 36
36 109
373 270
270 373
36 33
33 36
499 262
262 499
474 106
106 474
266 250
250 266
226 140
140 226
348 247
247 348
160 89
89 160
461 387
387 461
273 118
118 273
298 120
120 298
409 390
390 409
434 88
88 434
330 90
90 330
449 382
382 449
235 57
57 235
274 33
33 274
490 57
57 490
352 329
329 352
130 101
101 130
410 16
16 410
379 119
119 379
382 194
194 382
173 68
68 173
21 5
5 21
193 165
165 193
213 55
55 213
176 100
100 176
92 39
39 92
399 14
14 399
438 118
118 438
454 427
427 454
245 179
179 245
410 379
379 410
314 259
259 314
286 260
260 286
155 120
120 155
361 356
356 361
138 14
14 138
462 241
241 462
481 313
313 481
499 318
318 499
457 132
132 457
338 89
89 338
228 66
66 228
296 62
62 296
321 124
124 321
311 51
51 311
115 58
58 115
219 115
115 219
289 200
200 289
276 209
209 276
192 126
126 192
403 39
39 403
291 32
32 291
439 270
270 439
457 413
413 457
457 253
253 457
283 176
176 283
130 17
17 130
321 120
120 321
327 64
64 327
485 430
430 485
164 62
62 164
298 118
118 298
206 60
60 206
418 20
20 418
295 215
215 295
333 111
111 333
449 331
331 449
497 487
487 497
357 162
162 357
495 75
75 495
232 116
116 232
261 123
123 261
491 465
465 491
436 79
79 436
426 108
108 426
288 148
148 288
105 25
25 105
413 208
208 413
468 414
414 468
418 382
382 418
450 340
340 450
353 116
116 353
121 94
94 121
214 10
10 214
500 207
207 500
369 167
167 369
298 179
179 298
434 385
385 434
355 257
257 355
304 7
7 304
369 348
348 369
393 298
298 393
459 238
238 459
310 167
167 310
375 326
326 375
346 234
234 346
131 109
109 131
360 16
16 360
483 394
394 483
138 61
61 138
477 341
341 477
173 99
99 173
354 83
83 354
422 124
124 422
346 194
194 346
244 77
77 244
126 7
7 126
212 192
192 212
453 133
133 453
295 135
135 295
472 174
174 472
493 332
332 493
365 131
131 365
399 263
263 399
222 99
99 222
434 354
354 434
361 130
130 361
258 75
75 258
481 241
241 481
218 144
144 218
480 97
97 480
421 185
185 421
152 136
136 152
275 131
131 275
367 111
111 367
294 175
175 294
462 47
47 462
102 81
81 102
401 302
302 401
338 92
92 338
237 104
104 237
414 115
115 414
335 118
118 335
216 38
38 216
323 44
44 323
279 129
129 279
280 236
236 280
459 200
200 459
366 212
212 366
243 155
155 243
425 358
358 425
352 191
191 352
460 330
330 460
384 51
51 384
329 25
25 329
193 128
128 193
371 231
231 371
424 420
420 424
226 35
35 226
303 17
17 303
148 123
123 148
428 359
359 428
226 114
114 226
155 22
22 155
273 191
191 273
219 95
95 219
109 11
11 109
173 136
136 173
174 81
81 174
472 375
375 472
456 383
383 456
292 80
80 292
69 60
60 69
202 198
198 202
218 8
8 218
477 347
347 477
463 120
120 463
234 212
212 234
316 225
225 316
125 74
74 125
438 215
215 438
150 115
115 150
166 155
155 166
457 65
65 457
409 252
252 409
365 353
353 365
318 192
192 318
371 242
242 371
454 221
221 454
371 138
138 371
187 83
83 187
320 253
253 320
420 406
406 420
350 140
140 350
480 190
190 480
354 235
235 354
105 39
39 105
215 143
143 215
197 99
99 197
281 188
188 281
478 255
255 478
309 25
25 309
478 151
151 478
424 187
187 424
382 240
240 382
182 94
94 182
433 292
292 433
297 160
160 297
472 436
436 472
38 28
28 38
260 175
175 260
396 324
324 396
473 269
269 473
125 65
65 125
473 206
206 473
340 103
103 340
402 400
400 402
392 116
116 392
262 40
40 262
190 159
159 190
325 111
111 325
366 294
294 366
232 63
63 232
194 37
37 194
64 44
44 64
265 137
137 265
274 83
83 274
443 434
434 443
398 296
296 398
147 57
57 147
442 113
113 442
358 208
208 358
318 157
157 318
457 116
116 457
415 76
76 415
437 234
234 437
366 65
65 366
409 233
233 409
479 363
363 479
353 165
165 353
468 391
391 468
327 91
91 327
105 66
66 105
486 23
23 486
397 373
373 397
70 26
26 70
297 22
22 297
456 311
311 456
406 184
184 406
281 230
230 281
366 296
296 366
345 241
241 345
369 92
92 369
166 129
129 166
348 161
161 348
495 55
55 495
291 160
160 291
381 293
293 381
111 69
69 111
43 12
12 43
200 106
106 200
278 196
196 278
134 120
120 134
355 163
163 355
63 23
23 63
344 61
61 344
186 141
141 186
273 147
147 273
238 22
22 238
364 142
142 364
115 6
6 115
494 261
261 494
441 273
273 441
218 194
194 218
427 413
413 427
103 94
94 103
353 79
79 353
488 409
409 488
243 122
122 243
285 181
181 285
497 377
377 497
191 81
81 191
383 119
119 383
430 35
35 430
498 379
379 498
460 278
278 460
341 267
267 341
494 44
44 494
234 63
63 234
450 309
309 450
113 76
76 113
286 203
203 286
497 222
222 497
437 199
199 437
87 69
69 87
298 233
233 298
384 129
129 384
386 163
163 386
435 104
104 435
277 185
185 277
170 47
47 170
481 112
112 481
436 86
86 436
102 12
12 102
479 111
111 479
360 194
194 360
467 153
153 467
367 285
285 367
459 408
408 459
347 16
16 347
259 231
231 259
220 173
173 220
306 256
256 306
214 78
78 214
434 317
317 434
363 349
349 363
481 399
399 481
206 125
125 206
322 202
202 322
404 321
321 404
318 278
278 318
443 2
2 443
129 126
126 129
345 50
50 345
354 253
253 354
311 259
259 311
290 32
32 290
271 81
81 271
431 380
380 431
271 70
70 271
433 156
156 433
477 264
264 477
267 88
88 267
89 25
25 89
320 269
269 320
376 73
73 376
472 412
412 472
483 130
130 483
176 62
62 176
337 17
17 337
383 295
295 383
447 183
183 447
359 109
109 359
316 254
254 316
142 110
110 142
462 207
207 462
298 165
165 298
496 49
49 496
380 126
126 380
438 76
76 438
368 104
104 368
267 148
148 267
91 80
80 91
414 311
311 414
268 10
10 268
300 251
251 300
70 40
40 70
145 53
53 145
342 53
53 342
382 76
76 382
492 391
391 492
316 139
139 316
469 168
168 469
199 137
137 199
365 90
90 365
307 120
120 307
146 45
45 146
467 92
92 467
296 30
30 296
419 370
370 419
497 156
156 497
355 112
112 355
278 272
272 278
453 429
429 453
474 199
199 474
144 24
24 144
215 197
197 215
405 61
61 405
280 230
230 280
484 267
267 484
455 242
242 455
211 73
73 211
468 467
467 468
360 351
351 360
259 153
153 259
218 67
67 218
347 103
103 347
325 49
49 325
426 217
217 426
381 13
13 381
283 213
213 283
165 117
117 165
412 317
317 412
485 110
110 485
440 282
282 440
445 297
297 445
480 296
296 480
82 20
20 82
447 416
416 447
460 295
295 460
185 136
136 185
421 23
23 421
260 54
54 260
251 219
219 251
228 118
118 228
313 112
112 313
380 332
332 380
346 279
279 346
359 161
161 359
470 157
157 470
344 35
35 344
280 177
177 280
307 38
38 307
430 277
277 430
321 225
225 321
204 88
88 204
500 289
289 500
337 310
310 337
440 19
19 440
298 101
101 298
500 82
82 500
407 396
396 407
468 328
328 468
489 61
61 489
307 39
39 307
378 123
123 378
201 84
84 201
364 360
360 364
372 38
38 372
379 224
224 379
435 47
47 435
199 70
70 199
145 50
50 145
491 275
275 491
386 235
235 386
54 49
49 54
361 124
124 361
329 59
59 329
131 125
125 131
332 276
276 332
376 132
132 376
299 35
35 299
341 44
44 341
185 138
138 185
443 137
137 443
484 218
218 484
424 328
328 424
296 150
150 296
31 14
14 31
352 127
127 352
145 102
102 145
251 64
64 251
429 55
55 429
434 413
413 434
354 215
215 354
311 165
165 311
429 68
68 429
485 13
13 485
455 9
9 455
264 71
71 264
353 331
331 353
460 79
79 460
209 74
74 209
387 144
144 387
56 2
2 56
164 82
82 164
337 215
215 337
490 406
406 490
185 146
146 185
276 102
102 276
473 152
152 473
50 48
48 50
377 222
222 377
425 46
46 425
356 62
62 356
153 116
116 153
244 196
196 244
437 149
149 437
207 151
151 207
441 434
434 441
444 390
390 444
355 180
180 355
399 226
226 399
275 262
262 275
453 358
358 453
203 63
63 203
398 63
63 398
285 177
177 285
289 130
130 289
133 34
34 133
495 478
478 495
491 430
430 491
378 353
353 378
262 103
103 262
332 309
309 332
288 128
128 288
378 345
345 378
309 169
169 309
475 91
91 475
283 152
152 283
481 92
92 481
500 384
384 500
56 15
15 56
421 406
406 421
394 58
58 394
408 290
290 408
438 358
358 438
70 15
15 70
151 119
119 151
387 104
104 387
353 189
189 353
140 46
46 140
298 265
265 298
16 10
10 16
133 43
43 133
490 421
421 490
452 6
6 452
485 24
24 485
447 426
426 447
267 220
220 267
377 291
291 377
411 202
202 411
308 116
116 308
436 75
75 436
361 228
228 361
484 31
31 484
231 39
39 231
353 167
167 353
463 267
267 463
474 94
94 474
458 41
41 458
375 14
14 375
73 31
31 73
277 272
272 277
290 129
129 290
355 298
298 355
476 330
330 476
395 49
49 395
72 53
53 72
479 117
117 479
377 297
297 377
448 155
155 448
233 134
134 233
408 292
292 408
364 165
165 364
277 210
210 277
340 74
74 340
285 7
7 285
310 97
97 310
391 293
293 391
319 206
206 319
335 214
214 335
478 180
180 478
165 81
81 165
319 198
198 319
395 386
386 395
336 284
284 336
365 293
293 365
425 37
37 425
386 198
198 386
416 356
356 416
231 159
159 231
332 229
229 332
460 6
6 460
280 221
221 280
332 55
55 332
335 12
12 335
149 87
87 149
244 194
194 244
242 62
62 242
255 89
89 255
402 128
128 402
347 102
102 347
339 297
297 339
371 358
358 371
187 180
180 187
425 272
272 425
149 44
44 149
139 16
16 139
387 220
220 387
288 52
52 288
402 78
78 402
485 385
385 485
460 340
340 460
459 442
442 459
311 49
49 311
258 181
181 258
475 59
59 475
467 337
337 467
245 66
66 245
453 432
432 453
293 54
54 293
315 166
166 315
469 41
41 469
457 122
122 457
335 127
127 335
320 96
96 320
372 227
227 372
472 413
413 472
318 69
69 318
455 35
35 455
448 52
52 448
406 338
338 406
439 229
229 439
358 275
275 358
365 226
226 365
455 348
348 455
370 275
275 370
178 9
9 178
322 120
120 322
119 5
5 119
273 6
6 273
457 127
127 457
160 85
85 160
422 284
284 422
332 113
113 332
398 127
127 398
335 235
235 335
481 335
335 481
389 194
194 389
448 249
249 448
406 347
347 406
377 276
276 377
253 225
225 253
418 215
215 418
373 148
148 373
457 345
345 457
77 72
72 77
366 258
258 366
269 179
179 269
346 307
307 346
322 178
178 322
276 177
177 276
149 140
140 149
450 48
48 450
79 58
58 79
126 93
93 126
289 65
65 289
464 369
369 464
469 236
236 469
282 168
168 282
438 325
325 438
466 444
444 466
244 116
116 244
455 55
55 455
382 342
342 382
269 264
264 269
434 230
230 434
255 115
115 255
278 202
202 278
168 44
44 168
318 130
130 318
142 44
44 142
447 53
53 447
229 169
169 229
474 35
35 474
469 39
39 469
205 114
114 205
418 143
143 418
438 367
367 438
190 179
179 190
165 70
70 165
363 306
306 363
198 125
125 198
259 195
195 259
367 83
83 367
382 317
317 382
488 92
92 488
336 224
224 336
289 139
139 289
340 125
125 340
364 357
357 364
273 114
114 273
492 238
238 492
186 118
118 186
309 73
73 309
279 54
54 279
176 37
37 176
318 24
24 318
492 429
429 492
367 204
204 367
405 221
221 405
233 174
174 233
378 140
140 378
234 20
20 234
398 216
216 398
402 150
150 402
312 150
150 312
181 25
25 181
232 152
152 232
440 89
89 440
477 426
426 477
354 93
93 354
381 111
111 381
140 51
51 140
456 387
387 456
457 232
232 457
343 310
310 343
200 130
130 200
36 27
27 36
440 386
386 440
434 416
416 434
478 30
30 478
329 18
18 329
496 30
30 496
446 405
405 446
200 30
30 200
366 273
273 366
150 146
146 150
300 238
238 300
329 42
42 329
311 105
105 311
228 125
125 228
194 173
173 194
314 199
199 314
321 243
243 321
424 336
336 424
436 397
397 436
390 380
380 390
369 235
235 369
461 113
113 461
483 476
476 483
399 213
213 399
176 20
20 176
452 288
288 452
412 216
216 412
247 119
119 247
476 290
290 476
27 17
17 27
248 26
26 248
484 90
90 484
206 65
65 206
418 273
273 418
61 34
34 61
366 279
279 366
431 413
413 431
392 50
50 392
291 81
81 291
249 111
111 249
398 333
333 398
187 119
119 187
422 281
281 422
417 320
320 417
453 284
284 453
462 213
213 462
352 15
15 352
432 2
2 432
429 123
123 429
90 31
31 90
391 329
329 391
311 221
221 311
207 62
62 207
417 273
273 417
418 163
163 418
500 30
30 500
131 67
67 131
476 257
257 476
380 291
291 380
329 39
39 329
244 32
32 244
21 1
1 21
327 180
180 327
179 54
54 179
275 78
78 275
303 269
269 303
354 14
14 354
433 268
268 433
268 160
160 268
320 148
148 320
392 350
350 392
256 90
90 256
78 21
21 78
451 344
344 451
337 63
63 337
358 243
243 358
216 188
188 216
469 155
155 469
446 73
73 446
456 430
430 456
395 79
79 395
480 260
260 480
292 273
273 292
359 147
147 359
320 218
218 320
247 72
72 247
407 368
368 407
195 50
50 195
388 96
96 388
427 291
291 427
408 44
44 408
481 85
85 481
113 19
19 113
290 61
61 290
228 5
5 228
417 167
167 417
401 219
219 401
448 144
144 448
351 16
16 351
447 59
59 447
446 361
361 446
349 175
175 349
496 227
227 496
470 350
350 470
325 191
191 325
261 244
244 261
459 336
336 459
492 441
441 492
207 173
173 207
425 317
317 425
496 475
475 496
397 196
196 397
436 133
133 436
460 387
387 460
451 218
218 451
141 52
52 141
466 392
392 466
272 226
226 272
377 338
338 377
478 38
38 478
290 228
228 290
464 269
269 464
280 103
103 280
427 329
329 427
442 275
275 442
466 181
181 466
407 124
124 407
489 308
308 489
323 277
277 323
368 11
11 368
197 68
68 197
297 198
198 297
274 39
39 274
209 191
191 209
369 248
248 369
284 266
266 284
306 72
72 306
189 113
113 189
374 26
26 374
387 67
67 387
324 121
121 324
272 256
256 272
409 376
376 409
486 465
465 486
361 91
91 361
273 268
268 273
255 110
110 255
488 41
41 488
142 120
120 142
162 114
114 162
437 366
366 437
233 76
76 233
282 267
267 282
492 79
79 492
333 178
178 333
368 113
113 368
438 365
365 438
431 86
86 431
237 161
161 237
345 227
227 345
225 221
221 225
279 74
74 279
435 228
228 435
419 80
80 419
276 161
161 276
246 70
70 246
494 183
183 494
455 373
373 455
215 194
194 215
463 126
126 463
427 283
283 427
196 180
180 196
309 142
142 309
248 226
226 248
440 344
344 440
475 463
463 475
476 218
218 476
460 68
68 460
173 162
162 173
457 131
131 457
482 466
466 482
462 206
206 462
462 344
344 462
384 253
253 384
308 81
81 308
417 319
319 417
53 48
48 53
431 277
277 431
438 167
167 438
332 329
329 332
500 397
397 500
236 185
185 236
369 214
214 369
493 176
176 493
428 52
52 428
375 7
7 375
123 103
103 123
407 127
127 407
369 240
240 369
499 175
175 499
353 56
56 353
329 280
280 329
388 198
198 388
470 151
151 470
443 102
102 443
474 95
95 474
294 196
196 294
373 12
12 373
360 208
208 360
471 455
455 471
250 161
161 250
228 70
70 228
443 314
314 443
342 336
336 342
386 335
335 386
201 61
61 201
411 125
125 411
267 100
100 267
222 120
120 222
441 438
438 441
390 345
345 390
135 83
83 135
432 426
426 432
362 145
145 362
456 242
242 456
326 154
154 326
279 267
267 279
397 87
87 397
245 219
219 245
293 195
195 293
254 182
182 254
131 74
74 131
480 195
195 480
401 207
207 401
399 232
232 399
194 33
33 194
473 320
320 473
237 159
159 237
280 240
240 280
190 174
174 190
442 145
145 442
291 46
46 291
487 149
149 487
493 117
117 493
103 48
48 103
289 108
108 289
399 281
281 399
436 207
207 436
147 39
39 147
240 77
77 240
466 242
242 466
459 416
416 459
237 46
46 237
350 238
238 350
400 281
281 400
202 71
71 202
443 71
71 443
296 139
139 296
382 311
311 382
403 270
270 403
347 135
135 347
377 10
10 377
453 263
263 453
289 99
99 289
452 355
355 452
402 335
335 402
50 14
14 50
133 28
28 133
277 159
159 277
340 288
288 340
231 49
49 231
496 170
170 496
436 361
361 436
488 10
10 488
300 194
194 300
220 46
46 220
465 336
336 465
421 171
171 421
348 320
320 348
385 186
186 385
108 54
54 108
422 334
334 422
428 367
367 428
497 485
485 497
367 180
180 367
487 138
138 487
368 274
274 368
366 266
266 366
424 263
263 424
314 200
200 314
491 254
254 491
221 169
169 221
342 266
266 342
346 129
129 346
236 233
233 236
384 39
39 384
105 82
82 105
292 224
224 292
399 225
225 399
236 229
229 236
193 78
78 193
455 37
37 455
406 318
318 406
281 45
45 281
306 165
165 306
273 229
229 273
76 69
69 76
361 46
46 361
239 166
166 239
246 75
75 246
489 303
303 489
421 94
94 421
378 185
185 378
457 39
39 457
492 465
465 492
431 347
347 431
363 247
247 363
113 105
105 113
355 65
65 355
359 99
99 359
215 84
84 215
194 9
9 194
355 214
214 355
475 315
315 475
266 94
94 266
473 17
17 473
425 184
184 425
382 75
75 382
458 223
223 458
386 101
101 386
167 7
7 167
460 261
261 460
253 136
136 253
430 122
122 430
443 207
207 443
355 139
139 355
277 8
8 277
453 121
121 453
185 127
127 185
242 170
170 242
202 133
133 202
284 57
57 284
393 190
190 393
372 255
255 372
396 163
163 396
224 18
18 224
352 112
112 352
443 161
161 443
434 420
420 434
325 159
159 325
121 73
73 121
213 98
98 213
299 181
181 299
233 54
54 233
472 109
109 472
68 62
62 68
413 75
75 413
419 118
118 419
224 57
57 224
253 14
14 253
90 13
13 90
346 14
14 346
446 268
268 446
425 204
204 425
334 322
322 334
499 314
314 499
97 82
82 97
410 112
112 410
450 366
366 450
225 137
137 225
349 343
343 349
290 275
275 290
487 280
280 487
452 294
294 452
334 8
8 334
485 81
81 485
168 1
1 168
417 2
2 417
312 309
309 312
59 21
21 59
417 238
238 417
195 173
173 195
414 283
283 414
270 201
201 270
389 93
93 389
295 64
64 295
327 317
317 327
151 113
113 151
163 48
48 163
333 283
283 333
375 355
355 375
233 227
227 233
139 90
90 139
196 105
105 196
432 134
134 432
317 64
64 317
104 42
42 104
287 261
261 287
366 252
252 366
321 276
276 321
349 151
151 349
483 261
261 483
414 216
216 414
420 374
374 420
98 37
37 98
394 226
226 394
438 264
264 438
275 157
157 275
431 203
203 431
403 82
82 403
266 197
197 266
346 318
318 346
499 438
438 499
287 216
216 287
467 444
444 467
88 18
18 88
445 136
136 445
300 287
287 300
100 82
82 100
442 262
262 442
294 192
192 294
112 87
87 112
97 73
73 97
96 44
44 96
236 35
35 236
191 158
158 191
317 160
160 317
263 17
17 263
114 40
40 114
147 74
74 147
265 73
73 265
314 12
12 314
141 68
68 141
352 76
76 352
238 124
124 238
65 15
15 65
159 101
101 159
476 453
453 476
95 3
3 95
356 168
168 356
417 186
186 417
371 223
223 371
287 63
63 287
84 44
44 84
450 260
260 450
253 90
90 253
269 9
9 269
500 92
92 500
410 277
277 410
238 218
218 238
479 375
375 479
262 239
239 262
205 98
98 205
147 62
62 147
85 38
38 85
490 178
178 490
413 89
89 413
493 355
355 493
261 15
15 261
359 114
114 359
433 392
392 433
308 161
161 308
385 12
12 385
347 136
136 347
286 266
266 286
426 362
362 426
190 135
135 190
289 164
164 289
481 409
409 481
278 122
122 278
347 153
153 347
116 111
111 116
473 35
35 473
213 174
174 213
154 36
36 154
409 40
40 409
432 370
370 432
449 338
338 449
408 70
70 408
260 67
67 260
413 2
2 413
164 159
159 164
293 171
171 293
259 18
18 259
462 407
407 462
472 146
146 472
165 142
142 165
273 19
19 273
108 19
19 108
264 148
148 264
397 48
48 397
439 377
377 439
147 142
142 147
15 4
4 15
215 25
25 215
489 59
59 489
197 140
140 197
446 241
241 446
248 56
56 248
448 388
388 448
92 37
37 92
351 254
254 351
86 21
21 86
435 246
246 435
185 57
57 185
483 299
299 483
281 228
228 281
405 291
291 405
143 58
58 143
419 339
339 419
314 123
123 314
218 168
168 218
377 172
172 377
300 150
150 300
490 132
132 490
484 4
4 484
349 43
43 349
371 102
102 371
111 76
76 111
448 57
57 448
404 349
349 404
341 165
165 341
342 97
97 342
151 128
128 151
182 82
82 182
79 38
38 79
473 100
100 473
243 52
52 243
435 294
294 435
486 335
335 486
353 346
346 353
435 3
3 435
207 18
18 207
377 143
143 377
411 40
40 411
368 147
147 368
374 82
82 374
490 397
397 490
423 256
256 423
253 180
180 253
400 278
278 400
239 13
13 239
345 48
48 345
80 67
67 80
313 261
261 313
403 392
392 403
376 159
159 376
231 63
63 231
369 210
210 369
490 385
385 490
313 25
25 313
466 158
158 466
300 148
148 300
237 188
188 237
339 126
126 339
425 201
201 425
8 5
5 8
419 63
63 419
419 119
119 419
412 91
91 412
125 116
116 125
89 52
52 89
500 243
243 500
411 64
64 411
473 15
15 473
318 287
287 318
364 170
170 364
448 312
312 448
176 130
130 176
261 190
190 261
442 354
354 442
94 30
30 94
270 108
108 270
191 88
88 191
275 134
134 275
73 52
52 73
434 45
45 434
449 370
370 449
337 220
220 337
369 356
356 369
277 38
38 277
499 242
242 499
289 142
142 289
187 87
87 187
431 298
298 431
419 222
222 419
475 360
360 475
225 202
202 225
435 97
97 435
299 205
205 299
395 248
248 395
202 178
178 202
216 209
209 216
230 221
221 230
434 207
207 434
191 177
177 191
94 55
55 94
474 31
31 474
486 166
166 486
286 138
138 286
93 44
44 93
48 9
9 48
424 409
409 424
487 289
289 487
487 441
441 487
325 95
95 325
80 18
18 80
463 28
28 463
220 106
106 220
438 8
8 438
359 190
190 359
376 58
58 376
389 83
83 389
495 442
442 495
291 194
194 291
450 46
46 450
461 84
84 461
293 160
160 293
406 293
293 406
435 314
314 435
435 329
329 435
412 56
56 412
394 224
224 394
473 213
213 473
356 355
355 356
212 118
118 212
224 169
169 224
83 66
66 83
349 309
309 349
275 108
108 275
417 202
202 417
338 325
325 338
187 142
142 187
305 290
290 305
359 81
81 359
356 237
237 356
483 313
313 483
421 339
339 421
83 39
39 83
285 265
265 285
161 152
152 161
23 6
6 23
182 45
45 182
341 208
208 341
228 149
149 228
375 297
297 375
462 452
452 462
368 256
256 368
128 95
95 128
374 220
220 374
289 253
253 289
431 34
34 431
321 81
81 321
416 380
380 416
136 45
45 136
292 225
225 292
209 161
161 209
347 141
141 347
480 24
24 480
352 274
274 352
151 69
69 151
182 57
57 182
426 11
11 426
500 98
98 500
364 199
199 364
358 103
103 358
480 476
476 480
201 191
191 201
436 33
33 436
407 313
313 407
59 38
38 59
257 73
73 257
387 166
166 387
455 328
328 455
487 461
461 487
421 160
160 421
203 30
30 203
216 80
80 216
457 303
303 457
445 178
178 445
438 120
120 438
445 412
412 445
266 32
32 266
342 233
233 342
304 63
63 304
479 207
207 479
449 160
160 449
281 66
66 281
112 50
50 112
260 253
253 260
323 64
64 323
377 139
139 377
442 338
338 442
411 245
245 411
341 337
337 341
379 104
104 379
41 23
23 41
448 169
169 448
445 395
395 445
292 85
85 292
162 96
96 162
229 122
122 229
319 56
56 319
481 171
171 481
175 165
165 175
425 357
357 425
461 45
45 461
217 186
186 217
349 107
107 349
459 192
192 459
377 272
272 377
417 8
8 417
419 40
40 419
196 8
8 196
366 197
197 366
475 197
197 475
372 267
267 372
243 167
167 243
367 346
346 367
391 265
265 391
494 344
344 494
449 267
267 449
240 218
218 240
236 101
101 236
167 163
163 167
428 370
370 428
133 24
24 133
255 116
116 255
388 275
275 388
350 48
48 350
468 112
112 468
161 60
60 161
496 115
115 496
294 287
287 294
279 89
89 279
377 318
318 377
174 75
75 174
441 200
200 441
349 10
10 349
433 375
375 433
333 9
9 333
271 145
145 271
174 49
49 174
194 174
174 194
328 77
77 328
448 67
67 448
288 279
279 288
218 33
33 218
174 76
76 174
198 86
86 198
370 175
175 370
85 43
43 85
381 100
100 381
183 74
74 183
358 119
119 358
160 67
67 160
470 62
62 470
427 367
367 427
479 78
78 479
485 88
88 485
145 136
136 145
303 257
257 303
390 166
166 390
448 418
418 448
439 138
138 439
464 77
77 464
214 195
195 214
433 111
111 433
268 242
242 268
392 100
100 392
227 82
82 227
375 275
275 375
268 73
73 268
284 213
213 284
303 36
36 303
273 258
258 273
444 144
144 444
425 395
395 425
265 82
82 265
406 41
41 406
481 364
364 481
189 98
98 189
273 177
177 273
248 212
212 248
287 153
153 287
477 226
226 477
380 313
313 380
116 32
32 116
104 69
69 104
433 127
127 433
479 321
321 479
46 5
5 46
170 6
6 170
395 90
90 395
362 104
104 362
234 76
76 234
407 42
42 407
169 73
73 169
358 184
184 358
261 95
95 261
89 23
23 89
440 111
111 440
487 452
452 487
420 367
367 420
194 179
179 194
415 186
186 415
67 29
29 67
371 221
221 371
83 33
33 83
391 164
164 391
237 81
81 237
394 28
28 394
359 263
263 359
183 15
15 183
161 18
18 161
411 325
325 411
315 217
217 315
152 97
97 152
405 49
49 405
262 4
4 262
328 155
155 328
219 9
9 219
338 307
307 338
474 231
231 474
478 33
33 478
343 24
24 343
449 286
286 449
455 120
120 455
378 362
362 378
164 138
138 164
412 294
294 412
148 118
118 148
283 24
24 283
262 9
9 262
341 60
60 341
118 114
114 118
414 213
213 414
359 221
221 359
170 112
112 170
117 42
42 117
375 286
286 375
467 44
44 467
258 125
125 258
163 51
51 163
341 109
109 341
437 252
252 437
245 233
233 245
355 45
45 355
434 248
248 434
461 310
310 461
225 82
82 225
481 26
26 481
231 182
182 231
210 163
163 210
411 327
327 411
465 312
312 465
470 3
3 470
172 140
140 172
414 301
301 414
299 232
232 299
400 341
341 400
401 147
147 401
311 73
73 311
319 211
211 319
265 148
148 265
490 470
470 490
275 189
189 275
299 170
170 299
232 141
141 232
439 80
80 439
347 173
173 347
263 107
107 263
371 304
304 371
232 227
227 232
400 171
171 400
346 201
201 346
161 43
43 161
429 392
392 429
365 119
119 365
396 243
243 396
232 210
210 232
307 250
250 307
379 237
237 379
373 248
248 373
496 8
8 496
435 129
129 435
344 13
13 344
301 273
273 301
353 82
82 353
405 121
121 405
326 263
263 326
210 92
92 210
438 72
72 438
337 179
179 337
407 196
196 407
344 28
28 344
374 244
244 374
430 58
58 430
405 251
251 405
345 108
108 345
321 33
33 321
395 269
269 395
488 287
287 488
450 446
446 450
276 120
120 276
393 387
387 393
285 182
182 285
247 12
12 247
449 320
320 449
463 291
291 463
430 203
203 430
376 193
193 376
401 200
200 401
141 11
11 141
426 130
130 426
491 211
211 491
145 112
112 145
113 11
11 113
253 201
201 253
338 194
194 338
498 490
490 498
451 424
424 451
497 368
368 497
389 387
387 389
105 6
6 105
446 90
90 446
302 258
258 302
166 97
97 166
494 397
397 494
186 24
24 186
407 184
184 407
260 185
185 260
488 355
355 488
406 163
163 406
452 277
277 452
406 378
378 406
332 8
8 332
134 131
131 134
194 68
68 194
454 78
78 454
179 23
23 179
380 227
227 380
477 53
53 477
396 147
147 396
417 248
248 417
460 392
392 460
468 212
212 468
361 14
14 361
408 159
159 408
483 185
185 483
441 16
16 441
257 35
35 257
472 95
95 472
183 125
125 183
288 6
6 288
264 53
53 264
423 350
350 423
334 90
90 334
486 111
111 486
491 413
413 491
171 92
92 171
451 337
337 451
314 44
44 314
253 87
87 253
277 74
74 277
43 36
36 43
386 169
169 386
230 219
219 230
89 72
72 89
433 315
315 433
142 54
54 142
316 266
266 316
464 329
329 464
335 97
97 335
424 206
206 424
84 40
40 84
282 70
70 282
404 257
257 404
415 390
390 415
371 61
61 371
465 264
264 465
180 73
73 180
136 63
63 136
294 163
163 294
282 65
65 282
233 69
69 233
360 9
9 360
325 192
192 325
280 206
206 280
124 2
2 124
112 56
56 112
309 168
168 309
349 201
201 349
478 253
253 478
296 114
114 296
234 121
121 234
408 113
113 408
481 304
304 481
286 137
137 286
283 190
190 283
246 223
223 246
442 153
153 442
416 333
333 416
394 50
50 394
210 121
121 210
474 264
264 474
277 120
120 277
496 284
284 496
86 34
34 86
90 62
62 90
218 71
71 218
376 41
41 376
395 33
33 395
400 33
33 400
308 274
274 308
358 240
240 358
392 141
141 392
483 21
21 483
474 471
471 474
393 61
61 393
205 95
95 205
492 236
236 492
468 128
128 468
485 108
108 485
155 56
56 155
479 79
79 479
466 457
457 466
476 111
111 476
457 342
342 457
493 458
458 493
393 29
29 393
377 320
320 377
183 92
92 183
242 75
75 242
221 189
189 221
475 90
90 475
499 115
115 499
430 264
264 430
72 15
15 72
61 58
58 61
184 35
35 184
379 376
376 379
420 290
290 420
199 13
13 199
99 81
81 99
467 47
47 467
402 279
279 402
92 19
19 92
394 326
326 394
392 127
127 392
417 84
84 417
365 313
313 365
404 141
141 404
166 113
113 166
465 376
376 465
258 23
23 258
284 95
95 284
71 9
9 71
401 245
245 401
473 332
332 473
395 24
24 395
325 197
197 325
417 27
27 417
464 302
302 464
423 300
300 423
453 179
179 453
348 90
90 348
65 55
55 65
478 96
96 478
335 39
39 335
